  0.00500  0.00000e+00
  0.01500  0.00000e+00
  0.02500  0.00000e+00
  0.03500  0.00000e+00
  0.04500  0.00000e+00
  0.05500  0.00000e+00
  0.06500  0.00000e+00
  0.07500  0.00000e+00
  0.08500  0.00000e+00
  0.09500  0.00000e+00
  0.10500  0.00000e+00
  0.11500  0.00000e+00
  0.12500  0.00000e+00
  0.13500  0.00000e+00
  0.14500  0.00000e+00
  0.15500  0.00000e+00
  0.16500  0.00000e+00
  0.17500  0.00000e+00
  0.18500  0.00000e+00
  0.19500  0.00000e+00
  0.20500  0.00000e+00
  0.21500  0.00000e+00
  0.22500  0.00000e+00
  0.23500  0.00000e+00
  0.24500  0.00000e+00
  0.25500  0.00000e+00
  0.26500  0.00000e+00
  0.27500  0.00000e+00
  0.28500  0.00000e+00
  0.29500  0.00000e+00
  0.30500  0.00000e+00
  0.31500  0.00000e+00
  0.32500  0.00000e+00
  0.33500  0.00000e+00
  0.34500  0.00000e+00
  0.35500  0.00000e+00
  0.36500  0.00000e+00
  0.37500  0.00000e+00
  0.38500  0.00000e+00
  0.39500  0.00000e+00
  0.40500  0.00000e+00
  0.41500  0.00000e+00
  0.42500  0.00000e+00
  0.43500  0.00000e+00
  0.44500  0.00000e+00
  0.45500  0.00000e+00
  0.46500  0.00000e+00
  0.47500  0.00000e+00
  0.48500  0.00000e+00
  0.49500  0.00000e+00
  0.50500  0.00000e+00
  0.51500  0.00000e+00
  0.52500  0.00000e+00
  0.53500  0.00000e+00
  0.54500  0.00000e+00
  0.55500  0.00000e+00
  0.56500  0.00000e+00
  0.57500  0.00000e+00
  0.58500  0.00000e+00
  0.59500  0.00000e+00
  0.60500  0.00000e+00
  0.61500  0.00000e+00
  0.62500  0.00000e+00
  0.63500  0.00000e+00
  0.64500  0.00000e+00
  0.65500  0.00000e+00
  0.66500  0.00000e+00
  0.67500  0.00000e+00
  0.68500  0.00000e+00
  0.69500  0.00000e+00
  0.70500  0.00000e+00
  0.71500  0.00000e+00
  0.72500  0.00000e+00
  0.73500  0.00000e+00
  0.74500  0.00000e+00
  0.75500  0.00000e+00
  0.76500  0.00000e+00
  0.77500  0.00000e+00
  0.78500  0.00000e+00
  0.79500  0.00000e+00
  0.80500  0.00000e+00
  0.81500  0.00000e+00
  0.82500  0.00000e+00
  0.83500  0.00000e+00
  0.84500  0.00000e+00
  0.85500  0.00000e+00
  0.86500  0.00000e+00
  0.87500  0.00000e+00
  0.88500  0.00000e+00
  0.89500  0.00000e+00
  0.90500  0.00000e+00
  0.91500  0.00000e+00
  0.92500  0.00000e+00
  0.93500  2.13341e-02
  0.94500  6.96165e-03
  0.95500  1.43149e-01
  0.96500  2.20311e-01
  0.97500  3.46612e-01
  0.98500  6.72811e-01
  0.99500  1.29987e+00
  1.00500  1.32337e+00
  1.01500  1.81036e+00
  1.02500  2.34920e+00
  1.03500  2.54197e+00
  1.04500  3.41582e+00
  1.05500  3.73120e+00
  1.06500  4.08900e+00
  1.07500  4.30378e+00
  1.08500  4.55224e+00
  1.09500  5.00353e+00
  1.10500  4.74026e+00
  1.11500  4.96566e+00
  1.12500  4.59287e+00
  1.13500  4.72946e+00
  1.14500  4.97916e+00
  1.15500  4.73020e+00
  1.16500  4.50276e+00
  1.17500  4.60657e+00
  1.18500  4.49816e+00
  1.19500  4.27517e+00
  1.20500  4.11459e+00
  1.21500  4.19033e+00
  1.22500  3.84462e+00
  1.23500  3.46468e+00
  1.24500  3.36111e+00
  1.25500  3.67880e+00
  1.26500  3.50432e+00
  1.27500  3.28512e+00
  1.28500  3.22666e+00
  1.29500  2.99907e+00
  1.30500  2.92773e+00
  1.31500  3.09549e+00
  1.32500  2.89667e+00
  1.33500  2.66507e+00
  1.34500  2.50531e+00
  1.35500  2.44476e+00
  1.36500  2.56590e+00
  1.37500  2.42349e+00
  1.38500  2.35945e+00
  1.39500  2.26824e+00
  1.40500  2.22347e+00
  1.41500  2.14557e+00
  1.42500  2.25640e+00
  1.43500  2.05599e+00
  1.44500  1.92045e+00
  1.45500  2.05859e+00
  1.46500  1.93210e+00
  1.47500  1.93456e+00
  1.48500  1.89450e+00
  1.49500  1.82752e+00
  1.50500  1.96525e+00
  1.51500  1.74708e+00
  1.52500  1.60127e+00
  1.53500  1.67283e+00
  1.54500  1.71635e+00
  1.55500  1.69692e+00
  1.56500  1.63469e+00
  1.57500  1.56388e+00
  1.58500  1.55163e+00
  1.59500  1.54201e+00
  1.60500  1.49148e+00
  1.61500  1.48498e+00
  1.62500  1.49031e+00
  1.63500  1.49306e+00
  1.64500  1.55078e+00
  1.65500  1.34144e+00
  1.66500  1.41956e+00
  1.67500  1.44920e+00
  1.68500  1.36855e+00
  1.69500  1.33730e+00
  1.70500  1.44570e+00
  1.71500  1.37816e+00
  1.72500  1.22851e+00
  1.73500  1.34657e+00
  1.74500  1.25359e+00
  1.75500  1.44725e+00
  1.76500  1.24530e+00
  1.77500  1.23526e+00
  1.78500  1.27218e+00
  1.79500  1.17894e+00
  1.80500  1.28613e+00
  1.81500  1.28521e+00
  1.82500  1.12557e+00
  1.83500  1.26658e+00
  1.84500  1.26749e+00
  1.85500  1.23218e+00
  1.86500  1.18683e+00
  1.87500  1.15299e+00
  1.88500  1.29126e+00
  1.89500  1.17206e+00
  1.90500  1.23174e+00
  1.91500  1.18331e+00
  1.92500  1.27506e+00
  1.93500  1.18388e+00
  1.94500  1.23747e+00
  1.95500  1.25900e+00
  1.96500  1.23334e+00
  1.97500  1.23523e+00
  1.98500  1.13130e+00
  1.99500  1.23714e+00
  2.00500  1.17998e+00
  2.01500  1.24792e+00
  2.02500  1.12192e+00
  2.03500  1.28656e+00
  2.04500  1.14914e+00
  2.05500  1.14387e+00
  2.06500  1.11095e+00
  2.07500  1.14214e+00
  2.08500  1.15409e+00
  2.09500  1.13744e+00
  2.10500  1.20382e+00
  2.11500  1.22304e+00
  2.12500  1.15098e+00
  2.13500  1.10749e+00
  2.14500  1.12691e+00
  2.15500  1.13656e+00
  2.16500  1.18975e+00
  2.17500  1.14335e+00
  2.18500  1.14984e+00
  2.19500  1.07229e+00
  2.20500  1.19429e+00
  2.21500  1.14551e+00
  2.22500  1.19175e+00
  2.23500  1.14253e+00
  2.24500  1.05836e+00
  2.25500  1.05633e+00
  2.26500  1.15488e+00
  2.27500  1.18559e+00
  2.28500  1.13356e+00
  2.29500  1.17800e+00
  2.30500  1.13035e+00
  2.31500  1.19369e+00
  2.32500  1.09374e+00
  2.33500  1.15395e+00
  2.34500  1.13621e+00
  2.35500  1.13892e+00
  2.36500  1.13597e+00
  2.37500  1.14186e+00
  2.38500  1.10389e+00
  2.39500  1.06000e+00
  2.40500  1.08775e+00
  2.41500  1.12247e+00
  2.42500  1.11851e+00
  2.43500  1.02861e+00
  2.44500  1.13565e+00
  2.45500  1.09857e+00
  2.46500  1.15106e+00
  2.47500  1.01593e+00
  2.48500  1.08428e+00
  2.49500  1.12355e+00
  2.50500  1.03732e+00
  2.51500  1.03007e+00
  2.52500  1.05215e+00
  2.53500  1.02258e+00
  2.54500  1.11631e+00
  2.55500  1.10759e+00
  2.56500  1.02715e+00
  2.57500  1.00606e+00
  2.58500  1.01318e+00
  2.59500  1.01739e+00
  2.60500  9.93101e-01
  2.61500  1.10916e+00
  2.62500  9.91559e-01
  2.63500  1.04493e+00
  2.64500  1.06193e+00
  2.65500  1.05747e+00
  2.66500  1.09332e+00
  2.67500  1.03825e+00
  2.68500  1.05295e+00
  2.69500  1.06312e+00
  2.70500  1.01279e+00
  2.71500  1.01294e+00
  2.72500  1.03817e+00
  2.73500  1.02727e+00
  2.74500  1.02640e+00
  2.75500  1.01404e+00
  2.76500  1.05307e+00
  2.77500  1.09717e+00
  2.78500  1.07087e+00
  2.79500  1.08152e+00
  2.80500  1.09200e+00
  2.81500  1.03483e+00
  2.82500  1.06179e+00
  2.83500  1.03420e+00
  2.84500  1.01312e+00
  2.85500  1.02205e+00
  2.86500  9.80087e-01
  2.87500  1.04022e+00
  2.88500  1.03228e+00
  2.89500  1.03109e+00
  2.90500  9.96748e-01
  2.91500  9.92847e-01
  2.92500  1.02386e+00
  2.93500  1.04287e+00
  2.94500  9.83475e-01
  2.95500  1.06583e+00
  2.96500  1.02612e+00
  2.97500  1.04733e+00
  2.98500  1.04870e+00
  2.99500  1.05210e+00
  3.00500  1.04236e+00
  3.01500  1.02930e+00
  3.02500  1.04764e+00
  3.03500  1.04210e+00
  3.04500  1.04532e+00
  3.05500  1.02584e+00
  3.06500  1.05621e+00
  3.07500  1.05659e+00
  3.08500  1.05497e+00
  3.09500  1.03000e+00
  3.10500  1.06851e+00
  3.11500  1.07768e+00
  3.12500  1.05997e+00
  3.13500  1.08928e+00
  3.14500  1.07985e+00
  3.15500  1.11236e+00
  3.16500  1.05755e+00
  3.17500  1.06385e+00
  3.18500  1.06331e+00
  3.19500  1.06458e+00
  3.20500  1.04645e+00
  3.21500  1.11754e+00
  3.22500  1.04905e+00
  3.23500  1.05505e+00
  3.24500  1.02790e+00
  3.25500  1.11313e+00
  3.26500  1.05500e+00
  3.27500  1.08624e+00
  3.28500  1.07100e+00
  3.29500  1.08111e+00
  3.30500  1.05523e+00
  3.31500  1.07207e+00
  3.32500  1.10443e+00
  3.33500  1.07322e+00
  3.34500  1.06904e+00
  3.35500  1.05881e+00
  3.36500  1.02782e+00
  3.37500  1.13144e+00
  3.38500  1.07431e+00
  3.39500  1.05558e+00
  3.40500  1.09282e+00
  3.41500  1.05125e+00
  3.42500  1.04088e+00
  3.43500  1.08014e+00
  3.44500  1.08226e+00
  3.45500  1.03798e+00
  3.46500  1.09052e+00
  3.47500  1.06057e+00
  3.48500  1.06114e+00
  3.49500  1.04337e+00
  3.50500  1.05666e+00
  3.51500  1.08688e+00
  3.52500  1.06221e+00
  3.53500  1.04875e+00
  3.54500  1.04432e+00
  3.55500  1.04338e+00
  3.56500  1.03558e+00
  3.57500  1.03417e+00
  3.58500  1.04630e+00
  3.59500  1.01981e+00
  3.60500  1.08209e+00
  3.61500  1.05470e+00
  3.62500  1.04842e+00
  3.63500  1.01819e+00
  3.64500  1.05379e+00
  3.65500  1.07176e+00
  3.66500  1.07148e+00
  3.67500  1.00949e+00
  3.68500  1.01181e+00
  3.69500  1.04368e+00
  3.70500  1.02129e+00
  3.71500  9.97783e-01
  3.72500  1.01304e+00
  3.73500  1.06289e+00
  3.74500  1.05412e+00
  3.75500  1.01412e+00
  3.76500  1.04689e+00
  3.77500  1.07582e+00
  3.78500  1.04975e+00
  3.79500  1.03861e+00
  3.80500  1.04132e+00
  3.81500  1.04099e+00
  3.82500  1.06445e+00
  3.83500  1.00691e+00
  3.84500  1.07821e+00
  3.85500  1.04418e+00
  3.86500  1.07582e+00
  3.87500  1.06241e+00
  3.88500  1.04624e+00
  3.89500  1.00194e+00
  3.90500  1.01924e+00
  3.91500  1.05542e+00
  3.92500  1.06820e+00
  3.93500  1.03628e+00
  3.94500  1.03463e+00
  3.95500  1.01430e+00
  3.96500  1.03925e+00
  3.97500  1.05724e+00
  3.98500  1.00692e+00
  3.99500  1.03655e+00
  4.00500  1.05425e+00
  4.01500  1.01082e+00
  4.02500  9.98901e-01
  4.03500  1.02374e+00
  4.04500  1.02438e+00
  4.05500  1.01669e+00
  4.06500  1.02562e+00
  4.07500  1.06851e+00
  4.08500  1.05323e+00
  4.09500  1.04253e+00
  4.10500  1.03266e+00
  4.11500  1.06252e+00
  4.12500  1.03034e+00
  4.13500  1.07845e+00
  4.14500  9.97626e-01
  4.15500  9.99312e-01
  4.16500  1.01925e+00
  4.17500  1.02935e+00
  4.18500  1.02231e+00
  4.19500  1.02804e+00
  4.20500  1.04003e+00
  4.21500  1.06100e+00
  4.22500  1.05842e+00
  4.23500  1.04164e+00
  4.24500  1.03743e+00
  4.25500  1.02638e+00
  4.26500  1.03011e+00
  4.27500  1.01748e+00
  4.28500  1.02018e+00
  4.29500  1.01375e+00
  4.30500  1.03588e+00
  4.31500  1.03075e+00
  4.32500  1.04560e+00
  4.33500  1.06063e+00
  4.34500  1.03468e+00
  4.35500  1.02010e+00
  4.36500  1.03403e+00
  4.37500  1.02704e+00
  4.38500  1.04143e+00
  4.39500  1.07339e+00
  4.40500  1.01726e+00
  4.41500  1.03052e+00
  4.42500  1.06016e+00
  4.43500  1.03389e+00
  4.44500  1.03239e+00
  4.45500  1.03496e+00
  4.46500  1.03532e+00
  4.47500  1.05398e+00
  4.48500  1.05238e+00
  4.49500  1.06678e+00
  4.50500  1.05715e+00
  4.51500  1.05979e+00
  4.52500  1.02475e+00
  4.53500  1.05379e+00
  4.54500  1.04765e+00
  4.55500  1.03377e+00
  4.56500  1.03998e+00
  4.57500  1.10435e+00
  4.58500  1.02176e+00
  4.59500  1.05354e+00
  4.60500  1.07887e+00
  4.61500  1.03859e+00
  4.62500  1.07450e+00
  4.63500  1.02675e+00
  4.64500  1.00994e+00
  4.65500  1.05897e+00
  4.66500  1.02301e+00
  4.67500  1.04140e+00
  4.68500  1.01968e+00
  4.69500  1.05567e+00
  4.70500  1.05456e+00
  4.71500  1.04562e+00
  4.72500  1.05400e+00
  4.73500  1.04540e+00
  4.74500  1.05176e+00
  4.75500  1.00748e+00
  4.76500  1.04432e+00
  4.77500  1.03423e+00
  4.78500  1.04647e+00
  4.79500  1.02237e+00
  4.80500  1.02108e+00
  4.81500  1.05466e+00
  4.82500  1.03026e+00
  4.83500  1.02308e+00
  4.84500  1.05250e+00
  4.85500  1.03392e+00
  4.86500  1.03729e+00
  4.87500  1.05371e+00
  4.88500  1.02699e+00
  4.89500  1.02695e+00
  4.90500  1.04318e+00
  4.91500  1.04563e+00
  4.92500  1.04319e+00
  4.93500  9.91993e-01
  4.94500  1.02587e+00
  4.95500  1.05515e+00
  4.96500  1.05646e+00
  4.97500  1.06176e+00
  4.98500  1.05800e+00
  4.99500  1.04904e+00
  5.00500  1.03219e+00
  5.01500  1.03525e+00
  5.02500  1.03015e+00
  5.03500  1.02459e+00
  5.04500  1.04569e+00
  5.05500  1.01285e+00
  5.06500  1.04981e+00
  5.07500  1.04495e+00
  5.08500  1.02594e+00
  5.09500  1.05281e+00
  5.10500  1.04272e+00
  5.11500  1.01869e+00
  5.12500  1.03839e+00
  5.13500  1.06099e+00
  5.14500  1.05029e+00
  5.15500  1.02189e+00
  5.16500  1.06432e+00
  5.17500  1.03722e+00
  5.18500  1.01056e+00
  5.19500  1.03524e+00
  5.20500  1.00557e+00
  5.21500  1.07052e+00
  5.22500  1.02726e+00
  5.23500  1.04171e+00
  5.24500  1.07097e+00
  5.25500  1.05204e+00
  5.26500  1.03885e+00
  5.27500  1.05234e+00
  5.28500  1.05192e+00
  5.29500  1.04219e+00
  5.30500  1.01396e+00
  5.31500  1.04514e+00
  5.32500  1.03574e+00
  5.33500  1.06004e+00
  5.34500  1.02909e+00
  5.35500  1.04888e+00
  5.36500  1.02402e+00
  5.37500  1.04948e+00
  5.38500  1.02201e+00
  5.39500  1.05539e+00
  5.40500  1.02382e+00
  5.41500  1.01453e+00
  5.42500  1.03002e+00
  5.43500  1.03907e+00
  5.44500  1.01261e+00
  5.45500  1.02185e+00
  5.46500  1.01479e+00
  5.47500  1.02124e+00
  5.48500  9.93760e-01
  5.49500  1.02371e+00
  5.50500  1.01076e+00
  5.51500  9.97899e-01
  5.52500  1.02097e+00
  5.53500  1.00349e+00
  5.54500  1.04031e+00
  5.55500  1.02146e+00
  5.56500  9.84465e-01
  5.57500  1.02554e+00
  5.58500  1.01689e+00
  5.59500  1.01187e+00
  5.60500  1.01717e+00
  5.61500  1.01532e+00
  5.62500  1.03549e+00
  5.63500  1.00108e+00
  5.64500  1.01197e+00
  5.65500  1.04067e+00
  5.66500  1.02983e+00
  5.67500  1.02099e+00
  5.68500  1.07242e+00
  5.69500  1.02399e+00
  5.70500  1.03339e+00
  5.71500  1.03530e+00
  5.72500  9.97544e-01
  5.73500  1.02375e+00
  5.74500  1.02000e+00
  5.75500  1.01495e+00
  5.76500  1.02528e+00
  5.77500  1.03702e+00
  5.78500  1.03956e+00
  5.79500  1.02598e+00
  5.80500  1.02614e+00
  5.81500  1.04137e+00
  5.82500  1.01233e+00
  5.83500  1.04794e+00
  5.84500  1.03980e+00
  5.85500  1.05167e+00
  5.86500  1.02351e+00
  5.87500  1.05425e+00
  5.88500  1.03810e+00
  5.89500  1.07018e+00
  5.90500  1.05141e+00
  5.91500  1.04022e+00
  5.92500  1.02874e+00
  5.93500  1.03798e+00
  5.94500  1.02781e+00
  5.95500  1.01209e+00
  5.96500  1.05168e+00
  5.97500  1.02761e+00
  5.98500  1.03095e+00
  5.99500  1.02250e+00
  6.00500  1.05496e+00
  6.01500  1.05764e+00
  6.02500  1.02707e+00
  6.03500  1.02589e+00
  6.04500  1.02352e+00
  6.05500  1.02167e+00
  6.06500  1.05345e+00
  6.07500  1.02691e+00
  6.08500  1.04369e+00
  6.09500  1.03976e+00
  6.10500  1.01801e+00
  6.11500  1.05226e+00
  6.12500  1.04899e+00
  6.13500  1.05020e+00
  6.14500  1.04514e+00
  6.15500  1.03518e+00
  6.16500  1.03788e+00
  6.17500  1.04593e+00
  6.18500  1.03410e+00
  6.19500  1.05053e+00
  6.20500  1.05167e+00
  6.21500  1.03187e+00
  6.22500  1.07492e+00
  6.23500  1.05037e+00
  6.24500  1.02198e+00
  6.25500  1.03349e+00
  6.26500  1.03114e+00
  6.27500  1.04207e+00
  6.28500  1.02365e+00
  6.29500  1.03907e+00
  6.30500  1.05376e+00
  6.31500  1.01394e+00
  6.32500  1.04773e+00
  6.33500  1.04039e+00
  6.34500  1.03681e+00
  6.35500  1.04756e+00
  6.36500  1.06283e+00
  6.37500  1.04742e+00
  6.38500  1.03240e+00
  6.39500  1.01838e+00
  6.40500  1.05642e+00
  6.41500  1.06083e+00
  6.42500  1.01747e+00
  6.43500  1.02482e+00
  6.44500  1.03347e+00
  6.45500  1.03922e+00
  6.46500  1.02590e+00
  6.47500  1.02881e+00
  6.48500  1.05727e+00
  6.49500  1.02042e+00
  6.50500  1.03888e+00
  6.51500  1.04068e+00
  6.52500  1.04596e+00
  6.53500  1.04290e+00
  6.54500  1.03087e+00
  6.55500  1.02874e+00
  6.56500  1.02359e+00
  6.57500  1.03701e+00
  6.58500  1.00304e+00
  6.59500  1.02744e+00
  6.60500  1.03132e+00
  6.61500  1.01996e+00
  6.62500  1.02043e+00
  6.63500  1.04913e+00
  6.64500  1.01627e+00
  6.65500  1.03539e+00
  6.66500  1.01032e+00
  6.67500  1.05194e+00
  6.68500  1.02097e+00
  6.69500  1.00974e+00
  6.70500  1.02264e+00
  6.71500  1.01614e+00
  6.72500  1.01642e+00
  6.73500  1.02163e+00
  6.74500  9.96603e-01
  6.75500  1.00469e+00
  6.76500  1.01028e+00
  6.77500  1.01963e+00
  6.78500  1.03283e+00
  6.79500  1.02212e+00
  6.80500  1.01764e+00
  6.81500  1.01639e+00
  6.82500  1.03117e+00
  6.83500  1.00726e+00
  6.84500  1.01998e+00
  6.85500  1.01568e+00
  6.86500  1.03528e+00
  6.87500  1.01057e+00
  6.88500  1.01367e+00
  6.89500  1.01060e+00
  6.90500  1.04640e+00
  6.91500  1.02114e+00
  6.92500  1.00964e+00
  6.93500  1.03633e+00
  6.94500  1.03941e+00
  6.95500  1.02845e+00
  6.96500  1.02345e+00
  6.97500  1.02295e+00
  6.98500  1.00078e+00
  6.99500  1.01215e+00
  7.00500  1.01750e+00
  7.01500  1.02281e+00
  7.02500  1.00793e+00
  7.03500  1.02102e+00
  7.04500  1.04067e+00
  7.05500  1.03972e+00
  7.06500  1.03379e+00
  7.07500  1.01957e+00
  7.08500  1.03441e+00
  7.09500  1.04125e+00
  7.10500  1.03783e+00
  7.11500  9.98560e-01
  7.12500  1.02429e+00
  7.13500  1.01739e+00
  7.14500  1.02003e+00
  7.15500  1.03005e+00
  7.16500  1.02294e+00
  7.17500  1.02697e+00
  7.18500  1.02978e+00
  7.19500  1.01995e+00
  7.20500  1.03329e+00
  7.21500  1.00738e+00
  7.22500  1.02782e+00
  7.23500  1.03377e+00
  7.24500  1.03518e+00
  7.25500  1.02347e+00
  7.26500  1.00086e+00
  7.27500  1.02372e+00
  7.28500  1.02478e+00
  7.29500  1.01449e+00
  7.30500  1.02547e+00
  7.31500  1.02917e+00
  7.32500  1.03725e+00
  7.33500  1.00797e+00
  7.34500  1.00822e+00
  7.35500  1.01870e+00
  7.36500  1.03335e+00
  7.37500  1.01866e+00
  7.38500  1.02697e+00
  7.39500  1.02817e+00
  7.40500  1.00839e+00
  7.41500  1.02817e+00
  7.42500  1.00747e+00
  7.43500  1.03963e+00
  7.44500  1.01609e+00
  7.45500  9.87523e-01
  7.46500  1.00128e+00
  7.47500  1.01251e+00
  7.48500  9.93827e-01
  7.49500  1.02515e+00
  7.50500  9.96594e-01
  7.51500  1.02389e+00
  7.52500  1.00206e+00
  7.53500  1.00510e+00
  7.54500  1.01205e+00
  7.55500  1.01111e+00
  7.56500  1.03908e+00
  7.57500  1.00773e+00
  7.58500  1.01815e+00
  7.59500  9.82384e-01
  7.60500  1.01699e+00
  7.61500  9.96850e-01
  7.62500  1.00044e+00
  7.63500  1.00347e+00
  7.64500  9.96594e-01
  7.65500  1.02975e+00
  7.66500  1.00801e+00
  7.67500  9.96945e-01
  7.68500  9.87931e-01
  7.69500  1.02211e+00
  7.70500  9.92024e-01
  7.71500  9.97393e-01
  7.72500  9.99396e-01
  7.73500  9.92865e-01
  7.74500  9.92894e-01
  7.75500  1.00605e+00
  7.76500  9.80877e-01
  7.77500  9.84012e-01
  7.78500  9.95437e-01
  7.79500  9.94931e-01
  7.80500  9.93403e-01
  7.81500  9.76917e-01
  7.82500  1.00305e+00
  7.83500  9.63429e-01
  7.84500  1.00330e+00
  7.85500  9.81301e-01
  7.86500  9.88154e-01
  7.87500  9.85044e-01
  7.88500  9.86047e-01
  7.89500  9.88837e-01
  7.90500  9.93799e-01
  7.91500  9.77892e-01
  7.92500  1.00987e+00
  7.93500  9.66649e-01
  7.94500  1.00667e+00
  7.95500  9.97359e-01
  7.96500  9.84566e-01
  7.97500  9.72715e-01
  7.98500  9.83736e-01
  7.99500  9.90613e-01
  8.00500  1.00405e+00
  8.01500  9.72321e-01
  8.02500  9.90944e-01
  8.03500  9.75864e-01
  8.04500  9.81508e-01
  8.05500  9.89229e-01
  8.06500  9.90219e-01
  8.07500  9.93870e-01
  8.08500  9.69062e-01
  8.09500  9.78054e-01
  8.10500  9.67976e-01
  8.11500  9.76355e-01
  8.12500  9.70092e-01
  8.13500  1.01477e+00
  8.14500  9.77329e-01
  8.15500  9.83253e-01
  8.16500  9.84390e-01
  8.17500  9.83844e-01
  8.18500  9.93876e-01
  8.19500  9.73308e-01
  8.20500  9.85158e-01
  8.21500  9.97961e-01
  8.22500  9.97926e-01
  8.23500  9.89086e-01
  8.24500  1.00224e+00
  8.25500  9.94791e-01
  8.26500  9.91020e-01
  8.27500  9.98704e-01
  8.28500  1.00608e+00
  8.29500  9.89557e-01
  8.30500  9.91051e-01
  8.31500  9.91097e-01
  8.32500  9.90870e-01
  8.33500  9.94221e-01
  8.34500  9.79252e-01
  8.35500  9.86528e-01
  8.36500  1.00461e+00
  8.37500  9.85367e-01
  8.38500  9.94071e-01
  8.39500  9.95321e-01
  8.40500  9.83890e-01
  8.41500  9.79709e-01
  8.42500  1.00182e+00
  8.43500  9.86952e-01
  8.44500  9.99436e-01
  8.45500  9.84898e-01
  8.46500  9.74503e-01
  8.47500  9.82505e-01
  8.48500  9.66892e-01
  8.49500  9.76506e-01
  8.50500  9.84782e-01
  8.51500  9.94475e-01
  8.52500  9.98388e-01
  8.53500  9.94002e-01
  8.54500  9.79501e-01
  8.55500  9.72201e-01
  8.56500  9.93237e-01
  8.57500  9.70038e-01
  8.58500  9.85409e-01
  8.59500  9.94731e-01
  8.60500  9.69499e-01
  8.61500  9.75124e-01
  8.62500  9.67599e-01
  8.63500  9.75448e-01
  8.64500  9.86918e-01
  8.65500  9.81236e-01
  8.66500  9.72018e-01
  8.67500  9.90100e-01
  8.68500  9.95734e-01
  8.69500  9.89169e-01
  8.70500  9.89113e-01
  8.71500  9.77922e-01
  8.72500  1.00606e+00
  8.73500  9.97078e-01
  8.74500  1.00992e+00
  8.75500  9.78577e-01
  8.76500  9.90345e-01
  8.77500  9.89381e-01
  8.78500  9.74644e-01
  8.79500  9.86816e-01
  8.80500  9.83934e-01
  8.81500  9.89704e-01
  8.82500  9.85626e-01
  8.83500  9.95104e-01
  8.84500  9.90630e-01
  8.85500  9.79038e-01
  8.86500  9.77226e-01
  8.87500  1.00691e+00
  8.88500  9.78344e-01
  8.89500  9.96968e-01
  8.90500  9.90340e-01
  8.91500  1.00197e+00
  8.92500  9.92150e-01
  8.93500  9.71708e-01
  8.94500  9.79094e-01
  8.95500  9.81095e-01
  8.96500  9.98091e-01
  8.97500  9.85603e-01
  8.98500  9.82794e-01
  8.99500  9.91291e-01
  9.00500  9.77207e-01
  9.01500  9.86056e-01
  9.02500  9.86238e-01
  9.03500  9.71185e-01
  9.04500  9.84389e-01
  9.05500  9.83581e-01
  9.06500  9.90113e-01
  9.07500  9.72683e-01
  9.08500  9.90955e-01
  9.09500  9.85997e-01
  9.10500  9.80607e-01
  9.11500  9.72845e-01
  9.12500  9.96025e-01
  9.13500  9.75295e-01
  9.14500  9.89220e-01
  9.15500  9.90769e-01
  9.16500  9.68624e-01
  9.17500  9.91402e-01
  9.18500  9.73548e-01
  9.19500  9.84079e-01
  9.20500  9.88619e-01
  9.21500  9.86255e-01
  9.22500  9.94273e-01
  9.23500  1.00590e+00
  9.24500  9.94194e-01
  9.25500  9.87111e-01
  9.26500  9.95194e-01
  9.27500  9.77150e-01
  9.28500  9.98555e-01
  9.29500  9.84966e-01
  9.30500  9.95560e-01
  9.31500  9.92850e-01
  9.32500  9.85574e-01
  9.33500  9.94379e-01
  9.34500  9.95242e-01
  9.35500  9.81820e-01
  9.36500  9.87026e-01
  9.37500  9.84285e-01
  9.38500  9.99905e-01
  9.39500  9.72773e-01
  9.40500  1.00254e+00
  9.41500  9.86810e-01
  9.42500  9.85697e-01
  9.43500  9.80256e-01
  9.44500  9.94280e-01
  9.45500  9.77018e-01
  9.46500  9.83213e-01
  9.47500  1.00004e+00
  9.48500  1.00326e+00
  9.49500  9.87215e-01
  9.50500  9.82524e-01
  9.51500  9.89387e-01
  9.52500  9.79979e-01
  9.53500  9.80112e-01
  9.54500  1.00706e+00
  9.55500  9.99098e-01
  9.56500  9.84846e-01
  9.57500  9.95200e-01
  9.58500  1.00003e+00
  9.59500  9.83154e-01
  9.60500  9.79626e-01
  9.61500  9.84650e-01
  9.62500  9.90054e-01
  9.63500  9.83714e-01
  9.64500  9.92235e-01
  9.65500  9.90714e-01
  9.66500  9.86735e-01
  9.67500  1.00728e+00
  9.68500  9.89822e-01
  9.69500  9.94792e-01
  9.70500  9.85812e-01
  9.71500  9.88461e-01
  9.72500  9.77686e-01
  9.73500  9.73055e-01
  9.74500  9.85003e-01
  9.75500  9.86251e-01
  9.76500  9.87166e-01
  9.77500  9.92630e-01
  9.78500  9.83784e-01
  9.79500  9.99013e-01
  9.80500  9.76929e-01
  9.81500  9.93074e-01
  9.82500  9.83132e-01
  9.83500  9.82291e-01
  9.84500  9.97551e-01
  9.85500  9.73827e-01
  9.86500  9.97598e-01
  9.87500  9.78047e-01
  9.88500  9.83958e-01
  9.89500  9.89590e-01
  9.90500  9.86642e-01
  9.91500  9.90535e-01
  9.92500  9.99269e-01
  9.93500  9.82645e-01
  9.94500  1.00041e+00
  9.95500  9.86919e-01
  9.96500  9.87506e-01
  9.97500  9.88339e-01
  9.98500  9.87233e-01
  9.99500  9.69078e-01
 10.00500  9.92234e-01
 10.01500  9.90005e-01
 10.02500  9.86175e-01
 10.03500  9.78963e-01
 10.04500  9.69745e-01
 10.05500  9.76917e-01
 10.06500  9.85717e-01
 10.07500  9.79596e-01
 10.08500  9.69341e-01
 10.09500  9.60406e-01
 10.10500  9.73119e-01
 10.11500  9.86630e-01
 10.12500  9.93233e-01
 10.13500  9.88913e-01
 10.14500  9.87568e-01
 10.15500  9.87373e-01
 10.16500  9.64312e-01
 10.17500  9.87098e-01
 10.18500  9.77010e-01
 10.19500  9.72403e-01
 10.20500  9.76945e-01
 10.21500  9.78310e-01
 10.22500  9.63553e-01
 10.23500  9.71048e-01
 10.24500  9.69924e-01
 10.25500  9.55796e-01
 10.26500  9.66089e-01
 10.27500  9.72100e-01
 10.28500  9.65274e-01
 10.29500  1.00663e+00
 10.30500  9.67092e-01
 10.31500  9.72989e-01
 10.32500  9.80903e-01
 10.33500  9.67597e-01
 10.34500  9.71305e-01
 10.35500  9.62066e-01
 10.36500  9.67097e-01
 10.37500  9.63154e-01
 10.38500  9.67756e-01
 10.39500  9.73548e-01
 10.40500  9.51751e-01
 10.41500  9.58521e-01
 10.42500  9.61660e-01
 10.43500  9.55764e-01
 10.44500  9.60545e-01
 10.45500  9.68377e-01
 10.46500  9.66187e-01
 10.47500  9.62417e-01
 10.48500  9.59677e-01
 10.49500  9.78056e-01
 10.50500  9.57435e-01
 10.51500  9.57358e-01
 10.52500  9.65136e-01
 10.53500  9.76581e-01
 10.54500  9.46271e-01
 10.55500  9.49836e-01
 10.56500  9.68202e-01
 10.57500  9.59367e-01
 10.58500  9.66322e-01
 10.59500  9.52204e-01
 10.60500  9.58866e-01
 10.61500  9.68040e-01
 10.62500  9.59500e-01
 10.63500  9.61380e-01
 10.64500  9.60726e-01
 10.65500  9.69383e-01
 10.66500  9.57837e-01
 10.67500  9.74593e-01
 10.68500  9.54091e-01
 10.69500  9.65570e-01
 10.70500  9.62411e-01
 10.71500  9.55687e-01
 10.72500  9.59149e-01
 10.73500  9.62434e-01
 10.74500  9.54935e-01
 10.75500  9.54773e-01
 10.76500  9.73922e-01
 10.77500  9.47751e-01
 10.78500  9.71971e-01
 10.79500  9.63929e-01
 10.80500  9.60015e-01
 10.81500  9.61005e-01
 10.82500  9.65437e-01
 10.83500  9.58413e-01
 10.84500  9.59237e-01
 10.85500  9.67653e-01
 10.86500  9.70665e-01
 10.87500  9.53742e-01
 10.88500  9.66839e-01
 10.89500  9.59671e-01
 10.90500  9.59898e-01
 10.91500  9.72595e-01
 10.92500  9.70294e-01
 10.93500  9.61969e-01
 10.94500  9.75107e-01
 10.95500  9.48773e-01
 10.96500  9.67106e-01
 10.97500  9.76958e-01
 10.98500  9.62815e-01
 10.99500  9.66156e-01
 11.00500  9.68713e-01
 11.01500  9.73974e-01
 11.02500  9.65406e-01
 11.03500  9.81526e-01
 11.04500  9.81278e-01
 11.05500  9.55849e-01
 11.06500  9.69965e-01
 11.07500  9.69735e-01
 11.08500  9.72489e-01
 11.09500  9.61949e-01
 11.10500  9.73123e-01
 11.11500  9.62818e-01
 11.12500  9.69326e-01
 11.13500  9.77263e-01
 11.14500  9.79364e-01
 11.15500  9.76110e-01
 11.16500  9.78851e-01
 11.17500  9.62663e-01
 11.18500  9.62383e-01
 11.19500  9.54514e-01
 11.20500  9.73509e-01
 11.21500  9.80127e-01
 11.22500  9.63283e-01
 11.23500  9.87920e-01
 11.24500  9.80165e-01
 11.25500  9.77639e-01
 11.26500  9.65126e-01
 11.27500  9.71777e-01
 11.28500  9.60390e-01
 11.29500  9.76526e-01
 11.30500  9.65410e-01
 11.31500  9.65356e-01
 11.32500  9.71456e-01
 11.33500  9.69646e-01
 11.34500  9.59050e-01
 11.35500  9.67246e-01
 11.36500  9.67277e-01
 11.37500  9.76724e-01
 11.38500  9.69158e-01
 11.39500  9.84598e-01
 11.40500  9.78905e-01
 11.41500  9.66885e-01
 11.42500  9.68956e-01
 11.43500  9.75773e-01
 11.44500  9.75160e-01
 11.45500  9.77959e-01
 11.46500  9.82261e-01
 11.47500  9.73467e-01
 11.48500  9.75590e-01
 11.49500  9.86927e-01
 11.50500  9.79669e-01
 11.51500  9.60574e-01
 11.52500  9.60452e-01
 11.53500  9.66964e-01
 11.54500  9.73779e-01
 11.55500  9.77309e-01
 11.56500  9.79664e-01
 11.57500  9.61592e-01
 11.58500  9.68826e-01
 11.59500  9.70855e-01
 11.60500  9.68998e-01
 11.61500  9.67607e-01
 11.62500  9.73442e-01
 11.63500  9.80587e-01
 11.64500  9.77344e-01
 11.65500  9.72830e-01
 11.66500  9.67691e-01
 11.67500  9.68132e-01
 11.68500  9.69162e-01
 11.69500  9.56551e-01
 11.70500  9.78150e-01
 11.71500  9.67466e-01
 11.72500  9.72464e-01
 11.73500  9.56361e-01
 11.74500  9.76817e-01
 11.75500  9.82714e-01
 11.76500  9.86030e-01
 11.77500  9.73326e-01
 11.78500  9.74136e-01
 11.79500  9.73200e-01
 11.80500  9.90423e-01
 11.81500  9.75030e-01
 11.82500  9.87742e-01
 11.83500  9.75998e-01
 11.84500  9.64869e-01
 11.85500  9.97524e-01
 11.86500  9.90456e-01
 11.87500  9.79222e-01
 11.88500  9.88006e-01
 11.89500  9.70000e-01
 11.90500  9.86180e-01
 11.91500  9.72439e-01
 11.92500  9.90176e-01
 11.93500  9.79308e-01
 11.94500  9.74401e-01
 11.95500  9.88823e-01
 11.96500  9.72232e-01
 11.97500  9.83225e-01
 11.98500  9.75656e-01
 11.99500  9.83406e-01
 12.00500  9.91215e-01
 12.01500  9.90470e-01
 12.02500  9.83063e-01
 12.03500  9.84348e-01
 12.04500  9.90856e-01
 12.05500  9.85620e-01
 12.06500  9.82620e-01
 12.07500  9.95192e-01
 12.08500  9.88693e-01
 12.09500  9.82469e-01
 12.10500  9.78809e-01
 12.11500  9.93036e-01
 12.12500  9.73680e-01
 12.13500  9.89470e-01
 12.14500  9.86492e-01
 12.15500  9.82640e-01
 12.16500  9.71783e-01
 12.17500  9.92877e-01
 12.18500  9.86851e-01
 12.19500  9.92758e-01
 12.20500  9.75982e-01
 12.21500  9.89927e-01
 12.22500  9.78324e-01
 12.23500  9.71285e-01
 12.24500  9.78489e-01
 12.25500  9.73871e-01
 12.26500  9.86088e-01
 12.27500  9.76064e-01
 12.28500  9.65661e-01
 12.29500  9.87245e-01
 12.30500  9.83547e-01
 12.31500  9.85598e-01
 12.32500  9.87970e-01
 12.33500  9.73170e-01
 12.34500  9.84200e-01
 12.35500  9.82485e-01
 12.36500  9.85329e-01
 12.37500  9.93886e-01
 12.38500  9.74245e-01
 12.39500  9.88658e-01
 12.40500  9.88762e-01
 12.41500  9.76359e-01
 12.42500  9.75433e-01
 12.43500  9.85082e-01
 12.44500  9.96987e-01
 12.45500  9.83203e-01
 12.46500  9.97471e-01
 12.47500  9.80293e-01
 12.48500  9.85703e-01
 12.49500  9.83329e-01
 12.50500  9.87125e-01
 12.51500  9.83047e-01
 12.52500  9.87105e-01
 12.53500  9.79952e-01
 12.54500  9.80405e-01
 12.55500  9.88073e-01
 12.56500  9.78901e-01
 12.57500  9.82181e-01
 12.58500  9.75517e-01
 12.59500  9.82983e-01
 12.60500  9.91441e-01
 12.61500  9.79869e-01
 12.62500  9.77654e-01
 12.63500  9.85570e-01
 12.64500  9.80746e-01
 12.65500  9.93521e-01
 12.66500  9.90674e-01
 12.67500  9.73864e-01
 12.68500  9.75420e-01
 12.69500  9.90587e-01
 12.70500  9.85177e-01
 12.71500  9.86551e-01
 12.72500  9.87151e-01
 12.73500  9.77551e-01
 12.74500  9.77128e-01
 12.75500  9.92754e-01
 12.76500  9.99746e-01
 12.77500  9.84772e-01
 12.78500  9.90345e-01
 12.79500  9.92481e-01
 12.80500  9.89718e-01
 12.81500  9.86660e-01
 12.82500  9.85764e-01
 12.83500  9.86984e-01
 12.84500  9.90421e-01
 12.85500  9.84630e-01
 12.86500  9.91326e-01
 12.87500  9.86449e-01
 12.88500  9.83645e-01
 12.89500  9.83914e-01
 12.90500  9.85825e-01
 12.91500  9.81689e-01
 12.92500  9.91038e-01
 12.93500  9.80737e-01
 12.94500  9.86939e-01
 12.95500  9.80674e-01
 12.96500  9.97655e-01
 12.97500  9.98998e-01
 12.98500  9.84887e-01
 12.99500  9.81457e-01
 13.00500  9.89138e-01
 13.01500  9.94996e-01
 13.02500  9.92882e-01
 13.03500  9.84188e-01
 13.04500  9.82680e-01
 13.05500  9.94890e-01
 13.06500  9.93587e-01
 13.07500  9.97340e-01
 13.08500  9.87247e-01
 13.09500  9.94731e-01
 13.10500  9.81087e-01
 13.11500  1.00703e+00
 13.12500  9.80481e-01
 13.13500  9.87637e-01
 13.14500  9.80198e-01
 13.15500  9.89271e-01
 13.16500  1.00226e+00
 13.17500  9.92752e-01
 13.18500  9.94286e-01
 13.19500  1.00071e+00
 13.20500  9.96447e-01
 13.21500  1.00234e+00
 13.22500  9.93186e-01
 13.23500  9.99317e-01
 13.24500  9.96710e-01
 13.25500  1.00412e+00
 13.26500  9.98229e-01
 13.27500  9.83355e-01
 13.28500  9.95543e-01
 13.29500  9.97106e-01
 13.30500  9.93816e-01
 13.31500  9.99899e-01
 13.32500  9.93356e-01
 13.33500  9.96902e-01
 13.34500  1.00934e+00
 13.35500  9.87818e-01
 13.36500  1.00461e+00
 13.37500  1.00620e+00
 13.38500  9.95644e-01
 13.39500  1.00580e+00
 13.40500  1.00997e+00
 13.41500  1.01683e+00
 13.42500  9.84097e-01
 13.43500  1.00161e+00
 13.44500  1.00697e+00
 13.45500  9.94618e-01
 13.46500  1.00175e+00
 13.47500  9.93859e-01
 13.48500  1.01153e+00
 13.49500  1.00488e+00
 13.50500  1.01341e+00
 13.51500  1.00398e+00
 13.52500  1.00790e+00
 13.53500  1.00967e+00
 13.54500  9.99540e-01
 13.55500  1.00213e+00
 13.56500  1.00437e+00
 13.57500  1.00467e+00
 13.58500  1.00353e+00
 13.59500  1.01242e+00
 13.60500  1.01197e+00
 13.61500  9.95291e-01
 13.62500  1.00113e+00
 13.63500  1.00157e+00
 13.64500  9.99234e-01
 13.65500  1.00061e+00
 13.66500  1.00667e+00
 13.67500  1.01334e+00
 13.68500  9.98248e-01
 13.69500  1.00057e+00
 13.70500  1.00841e+00
 13.71500  1.01362e+00
 13.72500  9.98378e-01
 13.73500  1.01139e+00
 13.74500  1.00834e+00
 13.75500  1.00996e+00
 13.76500  1.01119e+00
 13.77500  1.00851e+00
 13.78500  1.01182e+00
 13.79500  1.00611e+00
 13.80500  1.02612e+00
 13.81500  1.01164e+00
 13.82500  1.00224e+00
 13.83500  1.01264e+00
 13.84500  1.00820e+00
 13.85500  9.92848e-01
 13.86500  9.92936e-01
 13.87500  1.00413e+00
 13.88500  1.00907e+00
 13.89500  1.00173e+00
 13.90500  1.00826e+00
 13.91500  1.00665e+00
 13.92500  1.01293e+00
 13.93500  1.00402e+00
 13.94500  1.01783e+00
 13.95500  1.01130e+00
 13.96500  1.00548e+00
 13.97500  1.00678e+00
 13.98500  1.00833e+00
 13.99500  1.00032e+00
 14.00500  1.00288e+00
 14.01500  1.00205e+00
 14.02500  1.00872e+00
 14.03500  1.00166e+00
 14.04500  1.00824e+00
 14.05500  1.00873e+00
 14.06500  1.01418e+00
 14.07500  1.00379e+00
 14.08500  1.01004e+00
 14.09500  1.02348e+00
 14.10500  1.00399e+00
 14.11500  1.00098e+00
 14.12500  1.00237e+00
 14.13500  9.99550e-01
 14.14500  1.00398e+00
 14.15500  1.01072e+00
 14.16500  9.99566e-01
 14.17500  1.00908e+00
 14.18500  1.00991e+00
 14.19500  1.00608e+00
 14.20500  1.00491e+00
 14.21500  1.00824e+00
 14.22500  1.01558e+00
 14.23500  1.00488e+00
 14.24500  1.02039e+00
 14.25500  9.98855e-01
 14.26500  1.00308e+00
 14.27500  1.00661e+00
 14.28500  1.00572e+00
 14.29500  1.00754e+00
 14.30500  1.00221e+00
 14.31500  1.01210e+00
 14.32500  1.01148e+00
 14.33500  9.96874e-01
 14.34500  1.01104e+00
 14.35500  1.00064e+00
 14.36500  1.01088e+00
 14.37500  1.01285e+00
 14.38500  1.01069e+00
 14.39500  1.00352e+00
 14.40500  1.00312e+00
 14.41500  1.00660e+00
 14.42500  1.01650e+00
 14.43500  1.00740e+00
 14.44500  1.00413e+00
 14.45500  9.96101e-01
 14.46500  1.01104e+00
 14.47500  1.00510e+00
 14.48500  1.00605e+00
 14.49500  9.98808e-01
 14.50500  9.97519e-01
 14.51500  9.95762e-01
 14.52500  1.00338e+00
 14.53500  9.98732e-01
 14.54500  1.00838e+00
 14.55500  9.96958e-01
 14.56500  9.99546e-01
 14.57500  9.99140e-01
 14.58500  1.00183e+00
 14.59500  1.00685e+00
 14.60500  1.00276e+00
 14.61500  9.98190e-01
 14.62500  1.00418e+00
 14.63500  9.93461e-01
 14.64500  9.92163e-01
 14.65500  1.00146e+00
 14.66500  1.00218e+00
 14.67500  1.01129e+00
 14.68500  9.97518e-01
 14.69500  9.96219e-01
 14.70500  9.95698e-01
 14.71500  9.96183e-01
 14.72500  1.00277e+00
 14.73500  1.00539e+00
 14.74500  9.98739e-01
 14.75500  9.94872e-01
 14.76500  9.98345e-01
 14.77500  1.00337e+00
 14.78500  9.97210e-01
 14.79500  1.01199e+00
 14.80500  1.00030e+00
 14.81500  1.01340e+00
 14.82500  1.00004e+00
 14.83500  9.97844e-01
 14.84500  9.96613e-01
 14.85500  9.99357e-01
 14.86500  1.01382e+00
 14.87500  1.00524e+00
 14.88500  1.00992e+00
 14.89500  1.00013e+00
 14.90500  9.99183e-01
 14.91500  9.99381e-01
 14.92500  9.92572e-01
 14.93500  9.93585e-01
 14.94500  1.00392e+00
 14.95500  9.93319e-01
 14.96500  1.00251e+00
 14.97500  1.00231e+00
 14.98500  9.96185e-01
 14.99500  1.00108e+00
 15.00500  9.99771e-01
 15.01500  1.00307e+00
 15.02500  1.01113e+00
 15.03500  1.00222e+00
 15.04500  9.96852e-01
 15.05500  1.00496e+00
 15.06500  1.00481e+00
 15.07500  9.97128e-01
 15.08500  1.00753e+00
 15.09500  1.00420e+00
 15.10500  9.97368e-01
 15.11500  1.00459e+00
 15.12500  1.00522e+00
 15.13500  1.01223e+00
 15.14500  9.97446e-01
 15.15500  1.00033e+00
 15.16500  1.01152e+00
 15.17500  1.01475e+00
 15.18500  1.00161e+00
 15.19500  1.00541e+00
 15.20500  1.00863e+00
 15.21500  1.00464e+00
 15.22500  1.00284e+00
 15.23500  1.00493e+00
 15.24500  1.00305e+00
 15.25500  1.00641e+00
 15.26500  1.00821e+00
 15.27500  1.00577e+00
 15.28500  1.00411e+00
 15.29500  1.00043e+00
 15.30500  1.01622e+00
 15.31500  1.01545e+00
 15.32500  1.00618e+00
 15.33500  1.01500e+00
 15.34500  1.00713e+00
 15.35500  1.01080e+00
 15.36500  1.01201e+00
 15.37500  1.00662e+00
 15.38500  1.00245e+00
 15.39500  1.02454e+00
 15.40500  1.02392e+00
 15.41500  1.00763e+00
 15.42500  1.00985e+00
 15.43500  1.00630e+00
 15.44500  1.01049e+00
 15.45500  1.00336e+00
 15.46500  1.00281e+00
 15.47500  1.01159e+00
 15.48500  1.00077e+00
 15.49500  1.00722e+00
 15.50500  9.99223e-01
 15.51500  1.01242e+00
 15.52500  1.01566e+00
 15.53500  1.00941e+00
 15.54500  1.00595e+00
 15.55500  1.01658e+00
 15.56500  1.01183e+00
 15.57500  1.01433e+00
 15.58500  1.00952e+00
 15.59500  1.00764e+00
 15.60500  1.00298e+00
 15.61500  1.01467e+00
 15.62500  1.00532e+00
 15.63500  1.00689e+00
 15.64500  9.99555e-01
 15.65500  9.94956e-01
 15.66500  1.01074e+00
 15.67500  1.00299e+00
 15.68500  9.93327e-01
 15.69500  1.01197e+00
 15.70500  1.00847e+00
 15.71500  9.96410e-01
 15.72500  1.00429e+00
 15.73500  1.00116e+00
 15.74500  9.92090e-01
 15.75500  9.96466e-01
 15.76500  9.97529e-01
 15.77500  1.00226e+00
 15.78500  1.00371e+00
 15.79500  1.01213e+00
 15.80500  9.99107e-01
 15.81500  1.00314e+00
 15.82500  1.00036e+00
 15.83500  1.00165e+00
 15.84500  9.94836e-01
 15.85500  9.99220e-01
 15.86500  1.00804e+00
 15.87500  1.00541e+00
 15.88500  1.00730e+00
 15.89500  1.00298e+00
 15.90500  9.98502e-01
 15.91500  1.00186e+00
 15.92500  1.00492e+00
 15.93500  1.00596e+00
 15.94500  9.99049e-01
 15.95500  1.00024e+00
 15.96500  1.00818e+00
 15.97500  9.95495e-01
 15.98500  9.96099e-01
 15.99500  1.00351e+00
 16.00500  9.95432e-01
 16.01500  1.00085e+00
 16.02500  1.00902e+00
 16.03500  9.99545e-01
 16.04500  9.97575e-01
 16.05500  1.00936e+00
 16.06500  1.01362e+00
 16.07500  1.00401e+00
 16.08500  1.00781e+00
 16.09500  1.00329e+00
 16.10500  1.00262e+00
 16.11500  1.01347e+00
 16.12500  1.01168e+00
 16.13500  1.00293e+00
 16.14500  1.01431e+00
 16.15500  1.00919e+00
 16.16500  1.00621e+00
 16.17500  1.00919e+00
 16.18500  1.00166e+00
 16.19500  1.00670e+00
 16.20500  1.00143e+00
 16.21500  1.00337e+00
 16.22500  9.95236e-01
 16.23500  1.00793e+00
 16.24500  9.93069e-01
 16.25500  1.00437e+00
 16.26500  1.00889e+00
 16.27500  9.98659e-01
 16.28500  1.00761e+00
 16.29500  1.00801e+00
 16.30500  1.00867e+00
 16.31500  1.00741e+00
 16.32500  1.01383e+00
 16.33500  9.95740e-01
 16.34500  1.00381e+00
 16.35500  1.01004e+00
 16.36500  1.00277e+00
 16.37500  1.01170e+00
 16.38500  1.00428e+00
 16.39500  1.00255e+00
 16.40500  1.00258e+00
 16.41500  1.00387e+00
 16.42500  1.00023e+00
 16.43500  9.91439e-01
 16.44500  1.01180e+00
 16.45500  1.01610e+00
 16.46500  1.00397e+00
 16.47500  1.00974e+00
 16.48500  1.00250e+00
 16.49500  1.00729e+00
 16.50500  9.98520e-01
 16.51500  9.92092e-01
 16.52500  9.99474e-01
 16.53500  9.99380e-01
 16.54500  1.01432e+00
 16.55500  1.01271e+00
 16.56500  1.01439e+00
 16.57500  9.98907e-01
 16.58500  1.00136e+00
 16.59500  9.97946e-01
 16.60500  1.00680e+00
 16.61500  1.00291e+00
 16.62500  1.00197e+00
 16.63500  1.00904e+00
 16.64500  1.00381e+00
 16.65500  1.00224e+00
 16.66500  9.95489e-01
 16.67500  1.00876e+00
 16.68500  1.00485e+00
 16.69500  1.00356e+00
 16.70500  1.00799e+00
 16.71500  9.99155e-01
 16.72500  1.00258e+00
 16.73500  1.00010e+00
 16.74500  1.01239e+00
 16.75500  1.01107e+00
 16.76500  1.00455e+00
 16.77500  1.01559e+00
 16.78500  1.01688e+00
 16.79500  1.00725e+00
 16.80500  9.93501e-01
 16.81500  1.01319e+00
 16.82500  1.00785e+00
 16.83500  1.00626e+00
 16.84500  1.01574e+00
 16.85500  1.01917e+00
 16.86500  1.01429e+00
 16.87500  1.01294e+00
 16.88500  1.02476e+00
 16.89500  1.00540e+00
 16.90500  1.00876e+00
 16.91500  1.01439e+00
 16.92500  1.01536e+00
 16.93500  1.01208e+00
 16.94500  1.01500e+00
 16.95500  1.01088e+00
 16.96500  1.02423e+00
 16.97500  1.01398e+00
 16.98500  1.01057e+00
 16.99500  1.01416e+00
 17.00500  1.01307e+00
 17.01500  1.00501e+00
 17.02500  1.01076e+00
 17.03500  1.02309e+00
 17.04500  1.01778e+00
 17.05500  1.01071e+00
 17.06500  1.00812e+00
 17.07500  1.01470e+00
 17.08500  1.01456e+00
 17.09500  1.01752e+00
 17.10500  1.01780e+00
 17.11500  1.02053e+00
 17.12500  1.02142e+00
 17.13500  1.00303e+00
 17.14500  1.01337e+00
 17.15500  1.01079e+00
 17.16500  1.01023e+00
 17.17500  1.01537e+00
 17.18500  1.02430e+00
 17.19500  1.01192e+00
 17.20500  1.01041e+00
 17.21500  1.01975e+00
 17.22500  1.01783e+00
 17.23500  1.01753e+00
 17.24500  1.02187e+00
 17.25500  1.02196e+00
 17.26500  1.02711e+00
 17.27500  1.01907e+00
 17.28500  1.02033e+00
 17.29500  1.02193e+00
 17.30500  1.01060e+00
 17.31500  1.02202e+00
 17.32500  1.02150e+00
 17.33500  1.02336e+00
 17.34500  1.01960e+00
 17.35500  1.02022e+00
 17.36500  1.01427e+00
 17.37500  1.01470e+00
 17.38500  1.03005e+00
 17.39500  1.03240e+00
 17.40500  1.01966e+00
 17.41500  1.02229e+00
 17.42500  1.02158e+00
 17.43500  1.02319e+00
 17.44500  1.02741e+00
 17.45500  1.01857e+00
 17.46500  1.01950e+00
 17.47500  1.01756e+00
 17.48500  1.01078e+00
 17.49500  1.01824e+00
 17.50500  1.02097e+00
 17.51500  1.03424e+00
 17.52500  1.02783e+00
 17.53500  1.03519e+00
 17.54500  1.02438e+00
 17.55500  1.02662e+00
 17.56500  1.02036e+00
 17.57500  1.02048e+00
 17.58500  1.02495e+00
 17.59500  1.02174e+00
 17.60500  1.02790e+00
 17.61500  1.01762e+00
 17.62500  1.03456e+00
 17.63500  1.02549e+00
 17.64500  1.02275e+00
 17.65500  1.02879e+00
 17.66500  1.02742e+00
 17.67500  1.02712e+00
 17.68500  1.02369e+00
 17.69500  1.01763e+00
 17.70500  1.03153e+00
 17.71500  1.02980e+00
 17.72500  1.02248e+00
 17.73500  1.01601e+00
 17.74500  1.02337e+00
 17.75500  1.01504e+00
 17.76500  1.02810e+00
 17.77500  1.02531e+00
 17.78500  1.02039e+00
 17.79500  1.02672e+00
 17.80500  1.02490e+00
 17.81500  1.01791e+00
 17.82500  1.01812e+00
 17.83500  1.02142e+00
 17.84500  1.02535e+00
 17.85500  1.02529e+00
 17.86500  1.01585e+00
 17.87500  1.02426e+00
 17.88500  1.02625e+00
 17.89500  1.02347e+00
 17.90500  1.02113e+00
 17.91500  1.02582e+00
 17.92500  1.01746e+00
 17.93500  1.01060e+00
 17.94500  1.01729e+00
 17.95500  1.02468e+00
 17.96500  1.01890e+00
 17.97500  1.01910e+00
 17.98500  1.01969e+00
 17.99500  1.02708e+00
 18.00500  1.01781e+00
 18.01500  1.02128e+00
 18.02500  1.01718e+00
 18.03500  1.01974e+00
 18.04500  1.02631e+00
 18.05500  1.02626e+00
 18.06500  1.00761e+00
 18.07500  1.01691e+00
 18.08500  1.01326e+00
 18.09500  1.01886e+00
 18.10500  1.01806e+00
 18.11500  1.01687e+00
 18.12500  1.01918e+00
 18.13500  1.00841e+00
 18.14500  1.02162e+00
 18.15500  1.01021e+00
 18.16500  1.02464e+00
 18.17500  1.02941e+00
 18.18500  1.00855e+00
 18.19500  1.01552e+00
 18.20500  1.02180e+00
 18.21500  1.01764e+00
 18.22500  1.01325e+00
 18.23500  1.02163e+00
 18.24500  1.02502e+00
 18.25500  1.01083e+00
 18.26500  1.02355e+00
 18.27500  1.02398e+00
 18.28500  1.02848e+00
 18.29500  1.03658e+00
 18.30500  1.02942e+00
 18.31500  1.02311e+00
 18.32500  1.02299e+00
 18.33500  1.02661e+00
 18.34500  1.02843e+00
 18.35500  1.02266e+00
 18.36500  1.02475e+00
 18.37500  1.02295e+00
 18.38500  1.02142e+00
 18.39500  1.01742e+00
 18.40500  1.02004e+00
 18.41500  1.02964e+00
 18.42500  1.01860e+00
 18.43500  1.03314e+00
 18.44500  1.02334e+00
 18.45500  1.01883e+00
 18.46500  1.02874e+00
 18.47500  1.02042e+00
 18.48500  1.02301e+00
 18.49500  1.01845e+00
 18.50500  1.02958e+00
 18.51500  1.02354e+00
 18.52500  1.02836e+00
 18.53500  1.02184e+00
 18.54500  1.02983e+00
 18.55500  1.02368e+00
 18.56500  1.01655e+00
 18.57500  1.02377e+00
 18.58500  1.01595e+00
 18.59500  1.02703e+00
 18.60500  1.02151e+00
 18.61500  1.02300e+00
 18.62500  1.02523e+00
 18.63500  1.01749e+00
 18.64500  1.01749e+00
 18.65500  1.03176e+00
 18.66500  1.02011e+00
 18.67500  1.01656e+00
 18.68500  1.00927e+00
 18.69500  1.01476e+00
 18.70500  1.01204e+00
 18.71500  1.01488e+00
 18.72500  1.02041e+00
 18.73500  1.01980e+00
 18.74500  1.02260e+00
 18.75500  1.01789e+00
 18.76500  1.01317e+00
 18.77500  1.01930e+00
 18.78500  1.01535e+00
 18.79500  1.01402e+00
 18.80500  1.01786e+00
 18.81500  1.02224e+00
 18.82500  1.01391e+00
 18.83500  1.01305e+00
 18.84500  1.01896e+00
 18.85500  1.01503e+00
 18.86500  1.01154e+00
 18.87500  1.01253e+00
 18.88500  1.01032e+00
 18.89500  1.01425e+00
 18.90500  1.00472e+00
 18.91500  1.01216e+00
 18.92500  1.00475e+00
 18.93500  1.01500e+00
 18.94500  1.01169e+00
 18.95500  1.01571e+00
 18.96500  1.01678e+00
 18.97500  1.00996e+00
 18.98500  1.01035e+00
 18.99500  1.01082e+00
 19.00500  1.00728e+00
 19.01500  1.01714e+00
 19.02500  9.98908e-01
 19.03500  1.01491e+00
 19.04500  1.01445e+00
 19.05500  9.99224e-01
 19.06500  1.01239e+00
 19.07500  1.00673e+00
 19.08500  1.00472e+00
 19.09500  1.00747e+00
 19.10500  9.99706e-01
 19.11500  1.00724e+00
 19.12500  1.00387e+00
 19.13500  9.99528e-01
 19.14500  1.00997e+00
 19.15500  1.00466e+00
 19.16500  1.01197e+00
 19.17500  1.00649e+00
 19.18500  1.00907e+00
 19.19500  1.00594e+00
 19.20500  1.00855e+00
 19.21500  1.00628e+00
 19.22500  1.00269e+00
 19.23500  1.00788e+00
 19.24500  1.01247e+00
 19.25500  9.99350e-01
 19.26500  1.00550e+00
 19.27500  1.00106e+00
 19.28500  9.98399e-01
 19.29500  1.00304e+00
 19.30500  1.00979e+00
 19.31500  1.00395e+00
 19.32500  1.00607e+00
 19.33500  1.00344e+00
 19.34500  1.00662e+00
 19.35500  1.00410e+00
 19.36500  1.00267e+00
 19.37500  1.00357e+00
 19.38500  1.00761e+00
 19.39500  1.00644e+00
 19.40500  9.96772e-01
 19.41500  1.00769e+00
 19.42500  1.00265e+00
 19.43500  1.00535e+00
 19.44500  9.96884e-01
 19.45500  1.00212e+00
 19.46500  1.00316e+00
 19.47500  1.00735e+00
 19.48500  1.00066e+00
 19.49500  9.98811e-01
 19.50500  9.96937e-01
 19.51500  1.01423e+00
 19.52500  1.00227e+00
 19.53500  1.00346e+00
 19.54500  9.99224e-01
 19.55500  1.00176e+00
 19.56500  1.00985e+00
 19.57500  1.00708e+00
 19.58500  1.01148e+00
 19.59500  1.00266e+00
 19.60500  1.00685e+00
 19.61500  1.00692e+00
 19.62500  1.00113e+00
 19.63500  1.00750e+00
 19.64500  1.01331e+00
 19.65500  1.00828e+00
 19.66500  1.00962e+00
 19.67500  1.00786e+00
 19.68500  1.01123e+00
 19.69500  1.00972e+00
 19.70500  1.00136e+00
 19.71500  1.00711e+00
 19.72500  1.01154e+00
 19.73500  1.00774e+00
 19.74500  9.98571e-01
 19.75500  1.01548e+00
 19.76500  1.01414e+00
 19.77500  1.01356e+00
 19.78500  1.00286e+00
 19.79500  1.01083e+00
 19.80500  9.98553e-01
 19.81500  1.00237e+00
 19.82500  1.00731e+00
 19.83500  1.00718e+00
 19.84500  1.00493e+00
 19.85500  1.01766e+00
 19.86500  1.00617e+00
 19.87500  1.00538e+00
 19.88500  9.97484e-01
 19.89500  1.00212e+00
 19.90500  1.00398e+00
 19.91500  1.01061e+00
 19.92500  1.00786e+00
 19.93500  1.00866e+00
 19.94500  1.00687e+00
 19.95500  1.00975e+00
 19.96500  1.00329e+00
 19.97500  9.98410e-01
 19.98500  1.01366e+00
 19.99500  1.00503e+00
 20.00500  1.00569e+00
 20.01500  1.00951e+00
 20.02500  1.00639e+00
 20.03500  1.01110e+00
 20.04500  1.00472e+00
 20.05500  1.00831e+00
 20.06500  1.00555e+00
 20.07500  1.00026e+00
 20.08500  1.00278e+00
 20.09500  1.01018e+00
 20.10500  1.00583e+00
 20.11500  1.01028e+00
 20.12500  1.01218e+00
 20.13500  1.00631e+00
 20.14500  1.00268e+00
 20.15500  1.00364e+00
 20.16500  1.01355e+00
 20.17500  1.01818e+00
 20.18500  1.01638e+00
 20.19500  1.01069e+00
 20.20500  1.01425e+00
 20.21500  9.97329e-01
 20.22500  1.00634e+00
 20.23500  1.00079e+00
 20.24500  1.01118e+00
 20.25500  1.01165e+00
 20.26500  1.00984e+00
 20.27500  1.01990e+00
 20.28500  1.00082e+00
 20.29500  1.00079e+00
 20.30500  1.01257e+00
 20.31500  1.01470e+00
 20.32500  1.01094e+00
 20.33500  1.01181e+00
 20.34500  1.00831e+00
 20.35500  1.01226e+00
 20.36500  1.00215e+00
 20.37500  1.00952e+00
 20.38500  1.01387e+00
 20.39500  1.01313e+00
 20.40500  1.00914e+00
 20.41500  1.01073e+00
 20.42500  1.01344e+00
 20.43500  1.00811e+00
 20.44500  1.00705e+00
 20.45500  1.00053e+00
 20.46500  1.00906e+00
 20.47500  1.01096e+00
 20.48500  1.00769e+00
 20.49500  1.01301e+00
 20.50500  1.01072e+00
 20.51500  1.01132e+00
 20.52500  1.00552e+00
 20.53500  1.00799e+00
 20.54500  1.01443e+00
 20.55500  1.01056e+00
 20.56500  1.01127e+00
 20.57500  1.01325e+00
 20.58500  1.01036e+00
 20.59500  1.00695e+00
 20.60500  1.01114e+00
 20.61500  1.00581e+00
 20.62500  1.00534e+00
 20.63500  9.98653e-01
 20.64500  1.01281e+00
 20.65500  1.00791e+00
 20.66500  1.00828e+00
 20.67500  1.00615e+00
 20.68500  1.00554e+00
 20.69500  1.00689e+00
 20.70500  1.00514e+00
 20.71500  1.00192e+00
 20.72500  1.01094e+00
 20.73500  1.00476e+00
 20.74500  1.01288e+00
 20.75500  1.00594e+00
 20.76500  1.01419e+00
 20.77500  1.00129e+00
 20.78500  1.00284e+00
 20.79500  1.00685e+00
 20.80500  1.01553e+00
 20.81500  1.01109e+00
 20.82500  1.00736e+00
 20.83500  1.00750e+00
 20.84500  1.00994e+00
 20.85500  1.00169e+00
 20.86500  1.01502e+00
 20.87500  1.00453e+00
 20.88500  1.01036e+00
 20.89500  1.00718e+00
 20.90500  1.00759e+00
 20.91500  1.00435e+00
 20.92500  1.00141e+00
 20.93500  1.01007e+00
 20.94500  1.00499e+00
 20.95500  1.00262e+00
 20.96500  1.00463e+00
 20.97500  9.98561e-01
 20.98500  1.00484e+00
 20.99500  1.00753e+00
 21.00500  1.00466e+00
 21.01500  1.00548e+00
 21.02500  1.00819e+00
 21.03500  1.00608e+00
 21.04500  1.00842e+00
 21.05500  1.00502e+00
 21.06500  1.00470e+00
 21.07500  1.00390e+00
 21.08500  1.00775e+00
 21.09500  1.01889e+00
 21.10500  1.01174e+00
 21.11500  1.00606e+00
 21.12500  1.01076e+00
 21.13500  1.00715e+00
 21.14500  1.00390e+00
 21.15500  1.00927e+00
 21.16500  1.01419e+00
 21.17500  1.00100e+00
 21.18500  1.01215e+00
 21.19500  1.00014e+00
 21.20500  1.00735e+00
 21.21500  1.01103e+00
 21.22500  1.01187e+00
 21.23500  1.00911e+00
 21.24500  1.00725e+00
 21.25500  1.00379e+00
 21.26500  1.00745e+00
 21.27500  1.00065e+00
 21.28500  1.00521e+00
 21.29500  1.00175e+00
 21.30500  9.99725e-01
 21.31500  1.00214e+00
 21.32500  1.00216e+00
 21.33500  1.00413e+00
 21.34500  1.00497e+00
 21.35500  1.00193e+00
 21.36500  9.92973e-01
 21.37500  1.00388e+00
 21.38500  1.00390e+00
 21.39500  9.96778e-01
 21.40500  9.94992e-01
 21.41500  1.00423e+00
 21.42500  1.00820e+00
 21.43500  9.92114e-01
 21.44500  1.00484e+00
 21.45500  9.97423e-01
 21.46500  1.00149e+00
 21.47500  1.00198e+00
 21.48500  1.00228e+00
 21.49500  1.00160e+00
 21.50500  1.00328e+00
 21.51500  9.96716e-01
 21.52500  9.94610e-01
 21.53500  9.99451e-01
 21.54500  9.96849e-01
 21.55500  9.99872e-01
 21.56500  9.95937e-01
 21.57500  9.96857e-01
 21.58500  9.99963e-01
 21.59500  1.00650e+00
 21.60500  1.00148e+00
 21.61500  1.00042e+00
 21.62500  9.98767e-01
 21.63500  1.00224e+00
 21.64500  1.00376e+00
 21.65500  1.00077e+00
 21.66500  1.00699e+00
 21.67500  1.00372e+00
 21.68500  9.98218e-01
 21.69500  9.98527e-01
 21.70500  1.01103e+00
 21.71500  1.00060e+00
 21.72500  9.99815e-01
 21.73500  9.94894e-01
 21.74500  1.00418e+00
 21.75500  1.00179e+00
 21.76500  9.94253e-01
 21.77500  9.96671e-01
 21.78500  1.00017e+00
 21.79500  1.00510e+00
 21.80500  9.93917e-01
 21.81500  1.00198e+00
 21.82500  9.97160e-01
 21.83500  1.00257e+00
 21.84500  1.00193e+00
 21.85500  1.00917e+00
 21.86500  1.00522e+00
 21.87500  9.94972e-01
 21.88500  9.95672e-01
 21.89500  9.99419e-01
 21.90500  1.00128e+00
 21.91500  9.98022e-01
 21.92500  9.98729e-01
 21.93500  1.00052e+00
 21.94500  9.91836e-01
 21.95500  1.00108e+00
 21.96500  1.00643e+00
 21.97500  9.99918e-01
 21.98500  1.00489e+00
 21.99500  1.00241e+00
 22.00500  1.00337e+00
 22.01500  1.00159e+00
 22.02500  1.00027e+00
 22.03500  1.00146e+00
 22.04500  9.98414e-01
 22.05500  9.92256e-01
 22.06500  1.00400e+00
 22.07500  9.99121e-01
 22.08500  9.97439e-01
 22.09500  9.92780e-01
 22.10500  9.93650e-01
 22.11500  1.00207e+00
 22.12500  1.00555e+00
 22.13500  1.00625e+00
 22.14500  9.94780e-01
 22.15500  1.00705e+00
 22.16500  1.00313e+00
 22.17500  1.00338e+00
 22.18500  9.98459e-01
 22.19500  1.01256e+00
 22.20500  1.00169e+00
 22.21500  9.95966e-01
 22.22500  9.97939e-01
 22.23500  1.00540e+00
 22.24500  1.00442e+00
 22.25500  9.98376e-01
 22.26500  1.00687e+00
 22.27500  1.00123e+00
 22.28500  9.88805e-01
 22.29500  1.00253e+00
 22.30500  1.00511e+00
 22.31500  1.00398e+00
 22.32500  9.96416e-01
 22.33500  1.00056e+00
 22.34500  1.00608e+00
 22.35500  1.00121e+00
 22.36500  1.00466e+00
 22.37500  1.00108e+00
 22.38500  1.00081e+00
 22.39500  9.99258e-01
 22.40500  9.94453e-01
 22.41500  9.96783e-01
 22.42500  9.99850e-01
 22.43500  9.99441e-01
 22.44500  1.00206e+00
 22.45500  1.00634e+00
 22.46500  9.88692e-01
 22.47500  1.00571e+00
 22.48500  1.00082e+00
 22.49500  9.98945e-01
 22.50500  9.96805e-01
 22.51500  1.00094e+00
 22.52500  9.92401e-01
 22.53500  1.00259e+00
 22.54500  9.98506e-01
 22.55500  9.94101e-01
 22.56500  9.98910e-01
 22.57500  9.97159e-01
 22.58500  9.97069e-01
 22.59500  9.94153e-01
 22.60500  9.98006e-01
 22.61500  1.00382e+00
 22.62500  1.00337e+00
 22.63500  1.00208e+00
 22.64500  9.99527e-01
 22.65500  9.91535e-01
 22.66500  1.00271e+00
 22.67500  9.93414e-01
 22.68500  1.00243e+00
 22.69500  9.96455e-01
 22.70500  9.96169e-01
 22.71500  1.00082e+00
 22.72500  1.00266e+00
 22.73500  9.99796e-01
 22.74500  9.98725e-01
 22.75500  9.99840e-01
 22.76500  9.93816e-01
 22.77500  1.00041e+00
 22.78500  1.00059e+00
 22.79500  1.00044e+00
 22.80500  9.94038e-01
 22.81500  9.93167e-01
 22.82500  1.00256e+00
 22.83500  9.96972e-01
 22.84500  1.00350e+00
 22.85500  9.94109e-01
 22.86500  9.98698e-01
 22.87500  9.95413e-01
 22.88500  9.96455e-01
 22.89500  1.00396e+00
 22.90500  1.00427e+00
 22.91500  1.00491e+00
 22.92500  1.00322e+00
 22.93500  9.98237e-01
 22.94500  1.00301e+00
 22.95500  9.99849e-01
 22.96500  1.00095e+00
 22.97500  1.00602e+00
 22.98500  9.99218e-01
 22.99500  1.00065e+00
 23.00500  9.99114e-01
 23.01500  1.00265e+00
 23.02500  1.00629e+00
 23.03500  1.00200e+00
 23.04500  1.00376e+00
 23.05500  9.96785e-01
 23.06500  1.00339e+00
 23.07500  9.98736e-01
 23.08500  1.00477e+00
 23.09500  1.00035e+00
 23.10500  9.95655e-01
 23.11500  9.99762e-01
 23.12500  1.00483e+00
 23.13500  1.00177e+00
 23.14500  1.00494e+00
 23.15500  1.00388e+00
 23.16500  1.00782e+00
 23.17500  1.00949e+00
 23.18500  9.99725e-01
 23.19500  1.00597e+00
 23.20500  9.98915e-01
 23.21500  1.00630e+00
 23.22500  1.00149e+00
 23.23500  9.98064e-01
 23.24500  1.00498e+00
 23.25500  1.00190e+00
 23.26500  1.00157e+00
 23.27500  9.99227e-01
 23.28500  9.96936e-01
 23.29500  1.00214e+00
 23.30500  9.98728e-01
 23.31500  1.00159e+00
 23.32500  1.00289e+00
 23.33500  1.00419e+00
 23.34500  9.98104e-01
 23.35500  9.95893e-01
 23.36500  9.99152e-01
 23.37500  1.00830e+00
 23.38500  1.00231e+00
 23.39500  1.00651e+00
 23.40500  1.00440e+00
 23.41500  1.00143e+00
 23.42500  9.97858e-01
 23.43500  1.00339e+00
 23.44500  1.00675e+00
 23.45500  1.00646e+00
 23.46500  1.00174e+00
 23.47500  9.97335e-01
 23.48500  1.00856e+00
 23.49500  9.98284e-01
 23.50500  1.00181e+00
 23.51500  1.00322e+00
 23.52500  1.00320e+00
 23.53500  1.00817e+00
 23.54500  9.99005e-01
 23.55500  9.95367e-01
 23.56500  1.00405e+00
 23.57500  1.00211e+00
 23.58500  1.00831e+00
 23.59500  1.00372e+00
 23.60500  1.00659e+00
 23.61500  1.00382e+00
 23.62500  1.00705e+00
 23.63500  1.00592e+00
 23.64500  1.00422e+00
 23.65500  1.00045e+00
 23.66500  1.00050e+00
 23.67500  1.00629e+00
 23.68500  9.96772e-01
 23.69500  1.00479e+00
 23.70500  1.00614e+00
 23.71500  1.00422e+00
 23.72500  1.00330e+00
 23.73500  1.00433e+00
 23.74500  1.00130e+00
 23.75500  1.01068e+00
 23.76500  1.00886e+00
 23.77500  1.00828e+00
 23.78500  1.00798e+00
 23.79500  1.00486e+00
 23.80500  1.01032e+00
 23.81500  9.97802e-01
 23.82500  1.00360e+00
 23.83500  1.00298e+00
 23.84500  1.00827e+00
 23.85500  9.99244e-01
 23.86500  1.00491e+00
 23.87500  9.99490e-01
 23.88500  1.00010e+00
 23.89500  9.98166e-01
 23.90500  9.99910e-01
 23.91500  1.00508e+00
 23.92500  1.00360e+00
 23.93500  1.00652e+00
 23.94500  9.99944e-01
 23.95500  9.99272e-01
 23.96500  9.99661e-01
 23.97500  9.97032e-01
 23.98500  1.00520e+00
 23.99500  1.00622e+00
 24.00500  9.99040e-01
 24.01500  9.93530e-01
 24.02500  1.00982e+00
 24.03500  1.00176e+00
 24.04500  1.00997e+00
 24.05500  1.00394e+00
 24.06500  1.00398e+00
 24.07500  1.00572e+00
 24.08500  1.00224e+00
 24.09500  9.98809e-01
 24.10500  1.00186e+00
 24.11500  9.93956e-01
 24.12500  1.00303e+00
 24.13500  1.00253e+00
 24.14500  1.00024e+00
 24.15500  1.00407e+00
 24.16500  9.97768e-01
 24.17500  1.00801e+00
 24.18500  1.00144e+00
 24.19500  1.00298e+00
 24.20500  1.00386e+00
 24.21500  1.00553e+00
 24.22500  1.00347e+00
 24.23500  9.98872e-01
 24.24500  1.00053e+00
 24.25500  1.00656e+00
 24.26500  1.00345e+00
 24.27500  9.99929e-01
 24.28500  1.00015e+00
 24.29500  1.00964e+00
 24.30500  1.00402e+00
 24.31500  9.98756e-01
 24.32500  9.96443e-01
 24.33500  1.00253e+00
 24.34500  9.99275e-01
 24.35500  1.00453e+00
 24.36500  1.00188e+00
 24.37500  1.00302e+00
 24.38500  1.00338e+00
 24.39500  9.96374e-01
 24.40500  1.00571e+00
 24.41500  1.00858e+00
 24.42500  1.00357e+00
 24.43500  1.00022e+00
 24.44500  9.96037e-01
 24.45500  9.99484e-01
 24.46500  9.96590e-01
 24.47500  1.00235e+00
 24.48500  1.00681e+00
 24.49500  1.00793e+00
 24.50500  1.00378e+00
 24.51500  9.94857e-01
 24.52500  9.98428e-01
 24.53500  9.95218e-01
 24.54500  1.00012e+00
 24.55500  1.00225e+00
 24.56500  9.99146e-01
 24.57500  9.92280e-01
 24.58500  9.95422e-01
 24.59500  9.94089e-01
 24.60500  9.96105e-01
 24.61500  1.00273e+00
 24.62500  9.93944e-01
 24.63500  9.98977e-01
 24.64500  1.00085e+00
 24.65500  9.95751e-01
 24.66500  9.99277e-01
 24.67500  1.00319e+00
 24.68500  9.99188e-01
 24.69500  9.98298e-01
 24.70500  1.00008e+00
 24.71500  9.95187e-01
 24.72500  1.00353e+00
 24.73500  1.00178e+00
 24.74500  9.98776e-01
 24.75500  9.97867e-01
 24.76500  9.98602e-01
 24.77500  1.00360e+00
 24.78500  1.00172e+00
 24.79500  9.96592e-01
 24.80500  9.99628e-01
 24.81500  1.00236e+00
 24.82500  1.00619e+00
 24.83500  9.99997e-01
 24.84500  1.00153e+00
 24.85500  9.95610e-01
 24.86500  1.00341e+00
 24.87500  9.98250e-01
 24.88500  9.92870e-01
 24.89500  1.00442e+00
 24.90500  9.99906e-01
 24.91500  9.97641e-01
 24.92500  1.00382e+00
 24.93500  9.94492e-01
 24.94500  9.99969e-01
 24.95500  1.00071e+00
 24.96500  1.00059e+00
 24.97500  9.91309e-01
 24.98500  1.00419e+00
 24.99500  9.98351e-01
 25.00500  1.00188e+00
 25.01500  9.96288e-01
 25.02500  1.00067e+00
 25.03500  1.00110e+00
 25.04500  9.98858e-01
 25.05500  9.94694e-01
 25.06500  9.98136e-01
 25.07500  1.00142e+00
 25.08500  9.97444e-01
 25.09500  9.94378e-01
 25.10500  1.00132e+00
 25.11500  9.92992e-01
 25.12500  9.96289e-01
 25.13500  9.94217e-01
 25.14500  9.97556e-01
 25.15500  9.96724e-01
 25.16500  9.94744e-01
 25.17500  9.96514e-01
