  0.00500  0.00000e+00
  0.01500  0.00000e+00
  0.02500  0.00000e+00
  0.03500  0.00000e+00
  0.04500  0.00000e+00
  0.05500  0.00000e+00
  0.06500  0.00000e+00
  0.07500  0.00000e+00
  0.08500  0.00000e+00
  0.09500  0.00000e+00
  0.10500  0.00000e+00
  0.11500  0.00000e+00
  0.12500  0.00000e+00
  0.13500  0.00000e+00
  0.14500  0.00000e+00
  0.15500  0.00000e+00
  0.16500  0.00000e+00
  0.17500  0.00000e+00
  0.18500  0.00000e+00
  0.19500  0.00000e+00
  0.20500  0.00000e+00
  0.21500  0.00000e+00
  0.22500  0.00000e+00
  0.23500  0.00000e+00
  0.24500  0.00000e+00
  0.25500  0.00000e+00
  0.26500  0.00000e+00
  0.27500  0.00000e+00
  0.28500  0.00000e+00
  0.29500  0.00000e+00
  0.30500  0.00000e+00
  0.31500  0.00000e+00
  0.32500  0.00000e+00
  0.33500  0.00000e+00
  0.34500  0.00000e+00
  0.35500  0.00000e+00
  0.36500  0.00000e+00
  0.37500  0.00000e+00
  0.38500  0.00000e+00
  0.39500  0.00000e+00
  0.40500  0.00000e+00
  0.41500  0.00000e+00
  0.42500  0.00000e+00
  0.43500  0.00000e+00
  0.44500  0.00000e+00
  0.45500  0.00000e+00
  0.46500  0.00000e+00
  0.47500  0.00000e+00
  0.48500  0.00000e+00
  0.49500  0.00000e+00
  0.50500  0.00000e+00
  0.51500  0.00000e+00
  0.52500  0.00000e+00
  0.53500  0.00000e+00
  0.54500  0.00000e+00
  0.55500  0.00000e+00
  0.56500  0.00000e+00
  0.57500  0.00000e+00
  0.58500  0.00000e+00
  0.59500  0.00000e+00
  0.60500  0.00000e+00
  0.61500  0.00000e+00
  0.62500  0.00000e+00
  0.63500  0.00000e+00
  0.64500  0.00000e+00
  0.65500  0.00000e+00
  0.66500  0.00000e+00
  0.67500  0.00000e+00
  0.68500  0.00000e+00
  0.69500  0.00000e+00
  0.70500  0.00000e+00
  0.71500  0.00000e+00
  0.72500  0.00000e+00
  0.73500  0.00000e+00
  0.74500  0.00000e+00
  0.75500  0.00000e+00
  0.76500  0.00000e+00
  0.77500  0.00000e+00
  0.78500  0.00000e+00
  0.79500  0.00000e+00
  0.80500  0.00000e+00
  0.81500  5.79407e-04
  0.82500  7.61177e-04
  0.83500  4.33095e-03
  0.84500  1.45114e-03
  0.85500  1.05292e-03
  0.86500  9.37718e-03
  0.87500  1.82895e-02
  0.88500  2.03354e-02
  0.89500  2.83099e-02
  0.90500  3.60375e-02
  0.91500  1.40062e-01
  0.92500  8.67935e-02
  0.93500  1.43988e-01
  0.94500  2.12579e-01
  0.95500  3.68926e-01
  0.96500  3.75959e-01
  0.97500  7.96335e-01
  0.98500  1.31609e+00
  0.99500  1.49061e+00
  1.00500  1.56498e+00
  1.01500  2.17215e+00
  1.02500  2.18879e+00
  1.03500  2.58758e+00
  1.04500  2.76781e+00
  1.05500  2.89318e+00
  1.06500  2.82243e+00
  1.07500  2.68647e+00
  1.08500  2.89079e+00
  1.09500  2.61357e+00
  1.10500  2.61622e+00
  1.11500  2.59469e+00
  1.12500  2.53208e+00
  1.13500  2.41473e+00
  1.14500  2.31208e+00
  1.15500  2.28927e+00
  1.16500  2.12031e+00
  1.17500  1.73823e+00
  1.18500  1.94900e+00
  1.19500  1.58611e+00
  1.20500  1.59695e+00
  1.21500  1.50545e+00
  1.22500  1.54298e+00
  1.23500  1.27852e+00
  1.24500  1.23705e+00
  1.25500  1.12798e+00
  1.26500  1.17506e+00
  1.27500  1.03090e+00
  1.28500  1.01881e+00
  1.29500  9.82903e-01
  1.30500  8.36721e-01
  1.31500  9.64146e-01
  1.32500  9.18292e-01
  1.33500  8.20061e-01
  1.34500  9.29807e-01
  1.35500  8.30199e-01
  1.36500  7.59751e-01
  1.37500  6.63432e-01
  1.38500  7.69081e-01
  1.39500  6.53742e-01
  1.40500  7.76526e-01
  1.41500  7.18651e-01
  1.42500  6.67903e-01
  1.43500  6.90183e-01
  1.44500  6.97401e-01
  1.45500  6.28073e-01
  1.46500  6.66234e-01
  1.47500  6.89535e-01
  1.48500  5.57268e-01
  1.49500  7.41405e-01
  1.50500  5.38772e-01
  1.51500  6.76422e-01
  1.52500  6.65753e-01
  1.53500  6.52244e-01
  1.54500  6.77513e-01
  1.55500  6.38103e-01
  1.56500  6.23773e-01
  1.57500  6.71080e-01
  1.58500  5.89671e-01
  1.59500  6.81726e-01
  1.60500  6.88416e-01
  1.61500  6.78946e-01
  1.62500  7.03952e-01
  1.63500  7.69074e-01
  1.64500  7.54823e-01
  1.65500  7.54414e-01
  1.66500  6.41365e-01
  1.67500  7.74466e-01
  1.68500  7.54467e-01
  1.69500  7.79152e-01
  1.70500  7.87938e-01
  1.71500  7.49188e-01
  1.72500  7.76319e-01
  1.73500  9.28085e-01
  1.74500  8.54133e-01
  1.75500  9.16155e-01
  1.76500  8.69406e-01
  1.77500  8.72689e-01
  1.78500  8.46599e-01
  1.79500  8.59975e-01
  1.80500  9.02598e-01
  1.81500  9.87509e-01
  1.82500  9.58970e-01
  1.83500  9.98178e-01
  1.84500  9.67162e-01
  1.85500  1.01388e+00
  1.86500  1.12640e+00
  1.87500  1.12780e+00
  1.88500  1.06044e+00
  1.89500  1.13028e+00
  1.90500  1.16052e+00
  1.91500  1.13176e+00
  1.92500  1.22447e+00
  1.93500  1.11261e+00
  1.94500  1.16773e+00
  1.95500  1.13579e+00
  1.96500  1.11124e+00
  1.97500  1.17054e+00
  1.98500  1.27458e+00
  1.99500  1.27405e+00
  2.00500  1.17015e+00
  2.01500  1.20794e+00
  2.02500  1.26542e+00
  2.03500  1.15485e+00
  2.04500  1.25521e+00
  2.05500  1.24030e+00
  2.06500  1.36873e+00
  2.07500  1.22770e+00
  2.08500  1.19902e+00
  2.09500  1.21446e+00
  2.10500  1.28280e+00
  2.11500  1.20969e+00
  2.12500  1.26010e+00
  2.13500  1.14483e+00
  2.14500  1.16710e+00
  2.15500  1.12795e+00
  2.16500  1.12098e+00
  2.17500  1.09500e+00
  2.18500  1.12919e+00
  2.19500  1.04666e+00
  2.20500  1.10600e+00
  2.21500  1.02476e+00
  2.22500  1.04060e+00
  2.23500  1.06418e+00
  2.24500  1.07386e+00
  2.25500  1.03394e+00
  2.26500  9.99991e-01
  2.27500  9.54202e-01
  2.28500  9.99864e-01
  2.29500  1.00704e+00
  2.30500  8.90646e-01
  2.31500  9.40175e-01
  2.32500  8.66166e-01
  2.33500  9.42594e-01
  2.34500  9.17560e-01
  2.35500  9.94034e-01
  2.36500  9.38070e-01
  2.37500  9.39608e-01
  2.38500  9.56462e-01
  2.39500  8.44963e-01
  2.40500  9.67353e-01
  2.41500  8.18594e-01
  2.42500  8.98454e-01
  2.43500  8.30642e-01
  2.44500  9.82214e-01
  2.45500  8.69748e-01
  2.46500  8.73396e-01
  2.47500  8.76484e-01
  2.48500  9.18033e-01
  2.49500  8.37245e-01
  2.50500  9.38446e-01
  2.51500  8.31551e-01
  2.52500  9.25505e-01
  2.53500  9.09854e-01
  2.54500  8.71659e-01
  2.55500  8.56492e-01
  2.56500  8.92542e-01
  2.57500  9.47381e-01
  2.58500  9.55729e-01
  2.59500  9.84165e-01
  2.60500  9.08739e-01
  2.61500  9.52345e-01
  2.62500  8.28446e-01
  2.63500  9.11221e-01
  2.64500  9.47099e-01
  2.65500  9.28019e-01
  2.66500  9.40813e-01
  2.67500  9.94903e-01
  2.68500  9.28521e-01
  2.69500  9.67421e-01
  2.70500  9.80588e-01
  2.71500  8.97365e-01
  2.72500  9.57668e-01
  2.73500  1.00743e+00
  2.74500  1.05677e+00
  2.75500  9.69819e-01
  2.76500  1.02229e+00
  2.77500  1.00339e+00
  2.78500  1.02881e+00
  2.79500  9.47942e-01
  2.80500  1.04269e+00
  2.81500  1.03502e+00
  2.82500  1.00930e+00
  2.83500  1.06789e+00
  2.84500  1.02959e+00
  2.85500  1.12103e+00
  2.86500  1.00762e+00
  2.87500  1.06056e+00
  2.88500  1.09700e+00
  2.89500  1.09645e+00
  2.90500  1.07140e+00
  2.91500  1.04916e+00
  2.92500  1.04443e+00
  2.93500  1.05434e+00
  2.94500  1.09627e+00
  2.95500  1.08741e+00
  2.96500  1.10048e+00
  2.97500  1.02036e+00
  2.98500  1.04895e+00
  2.99500  1.04552e+00
  3.00500  1.03958e+00
  3.01500  1.06286e+00
  3.02500  1.07788e+00
  3.03500  1.08782e+00
  3.04500  1.09271e+00
  3.05500  1.01917e+00
  3.06500  1.10965e+00
  3.07500  9.94195e-01
  3.08500  1.05180e+00
  3.09500  1.05476e+00
  3.10500  9.98960e-01
  3.11500  1.01293e+00
  3.12500  1.03898e+00
  3.13500  1.06078e+00
  3.14500  9.85701e-01
  3.15500  1.04343e+00
  3.16500  1.01535e+00
  3.17500  1.03355e+00
  3.18500  1.11155e+00
  3.19500  1.02716e+00
  3.20500  1.02380e+00
  3.21500  1.06282e+00
  3.22500  9.72255e-01
  3.23500  1.06311e+00
  3.24500  9.57023e-01
  3.25500  9.38574e-01
  3.26500  9.52471e-01
  3.27500  1.02171e+00
  3.28500  8.89292e-01
  3.29500  9.95334e-01
  3.30500  9.64324e-01
  3.31500  9.41279e-01
  3.32500  9.22345e-01
  3.33500  1.00381e+00
  3.34500  9.70875e-01
