# #Temperature, magnetization
1.000000000000000056e-01 -1.000000000000000000e+00
5.000000000000000000e-01 1.000000000000000000e+00
1.000000000000000000e+00 -1.000000000000000000e+00
1.500000000000000000e+00 -9.845950000000001090e-01
1.750000000000000000e+00 9.600137499999999990e-01
2.000000000000000000e+00 -8.351212499999999261e-01
2.100000000000000089e+00 8.022674999999999113e-01
2.200000000000000178e+00 1.221012499999999945e-01
2.299999999999999822e+00 7.258712499999999679e-01
2.600000000000000089e+00 2.018000000000000071e-01
