 -0.63088000000000888     
  -1.6653600000001116     
  -1.8408200000000343     
  -1.8322400000000347     
  -1.8416000000000323     
  -1.8482200000000300     
  -1.8394000000000279     
  -1.8073800000000406     
  -1.8413200000000292     
  -1.8572400000000275     
  -1.8227600000000372     
  -1.8783400000000210     
  -1.8454600000000307     
  -1.8045600000000417     
  -1.8615800000000247     
  -1.8319200000000335     
  -1.8193800000000349     
  -1.8571600000000257     
  -1.8466800000000299     
  -1.8153000000000419     
  -1.8096200000000402     
  -1.8080400000000449     
  -1.8450000000000308     
  -1.8541400000000281     
  -1.8422200000000299     
  -1.8301600000000329     
  -1.8107000000000346     
  -1.8297000000000361     
  -1.7911200000000451     
  -1.8314800000000298     
  -1.8122200000000357     
  -1.8124600000000410     
  -1.8306200000000357     
  -1.8144400000000391     
  -1.8026200000000416     
  -1.8301000000000331     
  -1.8420200000000342     
  -1.8264000000000324     
  -1.8577600000000243     
  -1.8164600000000382     
  -1.8316200000000371     
  -1.8340200000000342     
  -1.8388800000000312     
  -1.8145000000000360     
  -1.8336000000000323     
  -1.8618200000000269     
  -1.8454200000000298     
  -1.8568200000000255     
  -1.8393400000000282     
  -1.8568200000000226     
  -1.8226400000000347     
  -1.8145000000000449     
  -1.8188800000000371     
  -1.8450800000000298     
  -1.8144800000000370     
  -1.8455600000000285     
  -1.8578600000000249     
  -1.8472800000000282     
  -1.8287600000000315     
  -1.8304200000000315     
  -1.8358600000000338     
  -1.8551400000000267     
  -1.8447200000000277     
  -1.8320600000000322     
  -1.8277000000000332     
  -1.8650200000000241     
  -1.8314000000000339     
  -1.8623800000000217     
  -1.8216600000000409     
  -1.8492600000000263     
  -1.8263600000000344     
  -1.8223600000000402     
  -1.8298200000000329     
  -1.8463800000000306     
  -1.8282200000000357     
  -1.8275600000000345     
  -1.8286200000000357     
  -1.8391400000000324     
  -1.8302200000000357     
  -1.8278400000000319     
  -1.8134200000000387     
  -1.8336400000000332     
  -1.8060400000000421     
  -1.8341000000000331     
  -1.8252600000000352     
  -1.8517200000000262     
  -1.8309600000000330     
  -1.8745200000000204     
  -1.8692600000000206     
  -1.8476200000000285     
  -1.8017400000000399     
  -1.8578600000000307     
  -1.7966800000000414     
  -1.8233600000000387     
  -1.8365000000000360     
  -1.8438400000000288     
  -1.8165000000000389     
  -1.8179400000000354     
  -1.8176400000000390     
  -1.8455400000000266     
  -1.7735400000000530     
  -1.8507600000000286     
  -1.8679200000000249     
  -1.8186200000000357     
  -1.8460000000000323     
  -1.8223600000000373     
  -1.8075600000000402     
  -1.8388800000000312     
  -1.8255200000000336     
  -1.8535600000000285     
  -1.8276800000000371     
  -1.9006000000000134     
  -1.8710800000000238     
  -1.8568800000000283     
  -1.7881400000000456     
  -1.8685600000000242     
  -1.8473400000000282     
  -1.7964200000000430     
  -1.8290200000000356     
  -1.8368800000000340     
  -1.8213200000000378     
  -1.8373800000000349     
  -1.8414000000000339     
  -1.7802600000000481     
  -1.8714600000000250     
  -1.8510400000000260     
  -1.8111000000000403     
  -1.8238200000000329     
  -1.8281600000000389     
  -1.8307600000000315     
  -1.7939000000000491     
  -1.8092000000000412     
  -1.8364800000000312     
  -1.8064400000000391     
  -1.8381600000000329     
  -1.8586600000000280     
  -1.8187200000000336     
  -1.8007600000000432     
  -1.8243800000000334     
  -1.8204800000000341     
  -1.8242200000000357     
  -1.8104000000000411     
  -1.8354400000000317     
  -1.8601800000000233     
  -1.8046800000000414     
  -1.8129800000000378     
  -1.8290200000000327     
  -1.8316600000000380     
  -1.8468800000000283     
  -1.8595200000000247     
  -1.7899000000000433     
  -1.8312800000000342     
  -1.8302200000000386     
  -1.8401800000000319     
  -1.8318600000000338     
  -1.8970600000000133     
  -1.8558400000000230     
  -1.8523400000000296     
  -1.8518800000000297     
  -1.8159400000000383     
  -1.8498200000000358     
  -1.8440600000000293     
  -1.8379200000000335     
  -1.7806600000000454     
  -1.8352800000000311     
  -1.8506400000000289     
  -1.8295000000000345     
  -1.8506800000000267     
  -1.8376400000000332     
  -1.8745200000000233     
  -1.8265400000000369     
  -1.8116800000000428     
  -1.8160400000000421     
  -1.8083200000000395     
  -1.8119400000000412     
  -1.8585400000000281     
  -1.8415000000000288     
  -1.8227400000000353     
  -1.8452600000000263     
  -1.8353000000000330     
  -1.8595000000000259     
  -1.8278200000000357     
  -1.8366800000000298     
  -1.8312600000000352     
  -1.8296200000000342     
  -1.7998600000000482     
  -1.8361800000000348     
  -1.8170000000000368     
  -1.8307600000000315     
  -1.8216400000000361     
  -1.8384000000000296     
  -1.8219200000000393     
  -1.8509000000000331     
  -1.8479200000000278     
  -1.8188000000000382     
  -1.8064400000000420     
  -1.8282200000000328     
  -1.8574400000000260     
  -1.8471200000000336     
  -1.8366400000000289     
  -1.8439400000000297     
  -1.8420800000000341     
  -1.8495400000000266     
  -1.8081800000000379     
  -1.8893200000000174     
  -1.8434800000000269     
  -1.8043800000000421     
  -1.8348000000000324     
  -1.8326800000000356     
  -1.8466600000000308     
  -1.8395200000000307     
  -1.8149800000000378     
  -1.8224400000000363     
  -1.8440400000000303     
  -1.8507800000000276     
  -1.8300800000000341     
  -1.8460600000000322     
  -1.8285400000000369     
  -1.8348200000000343     
  -1.8419200000000306     
  -1.8181600000000329     
  -1.8605200000000233     
  -1.7952400000000448     
  -1.8253400000000368     
  -1.8359600000000316     
  -1.8215400000000384     
  -1.8383600000000315     
  -1.8171800000000362     
  -1.8241000000000389     
  -1.7787000000000461     
  -1.8340600000000293     
  -1.8279400000000325     
  -1.8467200000000277     
  -1.8084000000000382     
  -1.8121400000000398     
  -1.8893400000000193     
  -1.8138000000000367     
  -1.8631000000000257     
  -1.8095600000000374     
  -1.8506200000000270     
  -1.8221600000000360     
  -1.8578400000000259     
  -1.8518600000000278     
  -1.8283000000000345     
  -1.8468600000000293     
  -1.8392200000000343     
  -1.8164200000000430     
  -1.8635200000000278     
  -1.8168000000000410     
  -1.7941600000000446     
  -1.8514000000000339     
  -1.8199600000000344     
  -1.8292000000000352     
  -1.8119200000000393     
  -1.8499600000000287     
  -1.8466800000000299     
  -1.8297800000000348     
  -1.8620800000000224     
  -1.8419000000000345     
  -1.8322200000000357     
  -1.8258400000000348     
  -1.7986400000000435     
  -1.7985400000000398     
  -1.8405600000000299     
  -1.8327400000000296     
  -1.8367200000000334     
  -1.8161200000000379     
  -1.8111200000000423     
  -1.8238200000000357     
  -1.8171800000000393     
  -1.7981400000000456     
  -1.7786200000000503     
  -1.8099600000000373     
  -1.8671400000000209     
  -1.8516000000000266     
  -1.8331200000000336     
  -1.8576000000000266     
  -1.8261400000000341     
  -1.7934200000000444     
  -1.8254600000000396     
  -1.8455200000000307     
  -1.8648000000000235     
  -1.8459200000000249     
  -1.8590000000000251     
  -1.8250600000000337     
  -1.8561400000000252     
  -1.8558000000000252     
  -1.8474600000000279     
  -1.8327000000000346     
  -1.8131400000000413     
  -1.8457200000000291     
  -1.8447600000000315     
  -1.8514200000000269     
  -1.8486000000000309     
  -1.8206600000000395     
  -1.8312800000000311     
  -1.8658800000000240     
  -1.8472000000000295     
  -1.8217000000000390     
  -1.7841200000000466     
  -1.8250800000000413     
  -1.8255800000000364     
  -1.8141200000000437     
  -1.8043200000000394     
  -1.8491200000000276     
  -1.8431800000000305     
  -1.8301200000000351     
  -1.8586600000000248     
  -1.8290800000000327     
  -1.8558600000000307     
  -1.8445600000000300     
  -1.8735400000000266     
  -1.8408200000000314     
  -1.7843800000000480     
  -1.8622800000000239     
  -1.7958200000000415     
  -1.8074400000000377     
  -1.8337000000000332     
  -1.8021800000000407     
  -1.8234400000000348     
  -1.8223800000000363     
  -1.8623000000000258     
  -1.8369400000000340     
  -1.8466000000000309     
  -1.8769600000000213     
  -1.8160800000000370     
  -1.8545400000000281     
  -1.8982400000000144     
  -1.8330000000000339     
  -1.8463400000000296     
  -1.8953200000000174     
  -1.8449800000000289     
  -1.8295800000000333     
  -1.8194400000000348     
  -1.8168400000000362     
  -1.8401400000000310     
  -1.8481000000000274     
  -1.8504000000000265     
  -1.8176000000000352     
  -1.8602000000000309     
  -1.8097400000000456     
  -1.8029000000000419     
  -1.8485000000000302     
  -1.8432600000000294     
  -1.8057200000000380     
  -1.7834200000000444     
  -1.8007200000000394     
  -1.8445000000000273     
  -1.8329400000000340     
  -1.8110800000000356     
  -1.8640200000000313     
  -1.8081600000000388     
  -1.8362200000000328     
  -1.8330200000000327     
  -1.8370600000000308     
  -1.8237000000000332     
  -1.8272800000000313     
  -1.8436800000000313     
  -1.8204400000000391     
  -1.8774200000000183     
  -1.8630000000000222     
  -1.7930600000000454     
  -1.8085600000000388     
  -1.7856200000000459     
  -1.8609600000000242     
  -1.8606200000000270     
  -1.8332800000000371     
  -1.8216000000000383     
  -1.8559200000000278     
  -1.8514200000000298     
  -1.7756000000000469     
  -1.8290200000000356     
  -1.8075400000000383     
  -1.8557000000000301     
  -1.8149200000000349     
  -1.8351400000000326     
  -1.8042200000000415     
  -1.8531600000000286     
  -1.8572000000000266     
  -1.8733800000000203     
  -1.8313800000000349     
  -1.8387800000000305     
  -1.8211000000000375     
  -1.8462600000000249     
  -1.8122800000000356     
  -1.8541600000000242     
  -1.8365800000000319     
  -1.8569000000000244     
  -1.8350600000000337     
  -1.8288800000000371     
  -1.8015600000000402     
  -1.8483200000000306     
  -1.8329200000000292     
  -1.8240400000000332     
  -1.8275200000000336     
  -1.7998200000000415     
  -1.8517200000000291     
  -1.8392600000000323     
  -1.8274600000000365     
  -1.8700800000000224     
  -1.8349800000000349     
  -1.8606200000000270     
  -1.8088600000000381     
  -1.8288200000000372     
  -1.8413000000000301     
  -1.8208200000000343     
  -1.8560400000000303     
  -1.8108000000000410     
  -1.8037800000000406     
  -1.8376800000000342     
  -1.8445800000000319     
  -1.8349800000000289     
  -1.8446200000000299     
  -1.8215600000000374     
  -1.8349000000000302     
  -1.8271800000000333     
  -1.8408800000000283     
  -1.8610200000000270     
  -1.8597000000000243     
  -1.8821400000000224     
  -1.8211400000000355     
  -1.8260000000000354     
  -1.8333400000000339     
  -1.8447600000000315     
  -1.8267800000000363     
  -1.8382400000000290     
  -1.7811000000000432     
  -1.8358400000000348     
  -1.8162600000000366     
  -1.8421000000000303     
  -1.8318800000000355     
  -1.8581800000000261     
  -1.8057800000000406     
  -1.8305000000000331     
  -1.8446200000000328     
  -1.8684600000000235     
  -1.8375200000000365     
  -1.8580000000000236     
  -1.8415800000000304     
  -1.8548800000000283     
  -1.8158000000000367     
  -1.8401000000000332     
  -1.8066800000000414     
  -1.8373000000000330     
  -1.8239400000000354     
  -1.8223600000000373     
  -1.8650800000000209     
  -1.8258600000000307     
  -1.8191200000000365     
  -1.8471800000000305     
  -1.8433600000000272     
  -1.8375200000000307     
  -1.8292400000000333     
  -1.8343600000000315     
  -1.8410600000000337     
  -1.8182800000000356     
  -1.8599200000000249     
  -1.8538400000000259     
  -1.8167600000000372     
  -1.8330000000000308     
  -1.8225600000000330     
  -1.8171600000000345     
  -1.8375400000000326     
  -1.8441800000000290     
  -1.8026400000000435     
  -1.8005200000000436     
  -1.7846600000000512     
  -1.8295200000000336     
  -1.8517800000000291     
  -1.8139800000000392     
  -1.8597400000000253     
  -1.8399600000000316     
  -1.8217000000000361     
  -1.8165000000000389     
  -1.8188400000000362     
  -1.8431400000000324     
  -1.8476800000000284     
  -1.8458200000000300     
  -1.8281600000000360     
  -1.8485400000000312     
  -1.8435800000000304     
  -1.8157600000000358     
  -1.8497600000000300     
  -1.8201800000000377     
  -1.8252600000000352     
  -1.8173600000000358     
  -1.8115600000000374     
  -1.8397600000000272     
  -1.8163800000000363     
  -1.8648600000000235     
  -1.8151400000000413     
  -1.8495400000000266     
  -1.8547400000000238     
  -1.8223800000000392     
  -1.8335000000000317     
  -1.8672200000000225     
  -1.7973000000000448     
  -1.8025400000000398     
  -1.8501200000000291     
  -1.8100400000000392     
  -1.8088000000000382     
  -1.8135000000000403     
  -1.8281600000000329     
  -1.8183000000000347     
  -1.8512600000000323     
  -1.8410000000000279     
  -1.8731200000000248     
  -1.8191600000000403     
  -1.8315400000000355     
  -1.8359800000000306     
  -1.8458000000000310     
  -1.8140200000000402     
  -1.8405000000000331     
  -1.8492800000000311     
  -1.8251000000000375     
  -1.8218200000000357     
  -1.8235200000000364     
  -1.8394800000000298     
  -1.8382400000000318     
  -1.8411000000000317     
  -1.8432600000000323     
  -1.8321600000000358     
  -1.8024200000000401     
  -1.8201400000000398     
  -1.8426600000000308     
  -1.8455400000000326     
  -1.7856600000000469     
  -1.8347200000000334     
  -1.8166000000000369     
  -1.8403600000000286     
  -1.8070000000000397     
  -1.8582800000000268     
  -1.8863200000000191     
  -1.8501000000000274     
  -1.8281200000000351     
  -1.8179200000000364     
  -1.7670400000000492     
  -1.8635400000000237     
  -1.8390600000000308     
  -1.8392000000000324     
  -1.8081400000000427     
  -1.8375200000000278     
  -1.8212200000000343     
  -1.8430000000000308     
  -1.8449400000000311     
  -1.7868200000000458     
  -1.8125400000000427     
  -1.8737400000000224     
  -1.8408800000000283     
  -1.8548800000000254     
  -1.8461400000000281     
  -1.8641400000000252     
  -1.8891000000000171     
  -1.8298400000000348     
  -1.8696200000000227     
  -1.7896200000000460     
  -1.8368200000000343     
  -1.8391600000000314     
  -1.8254000000000339     
  -1.8459400000000297     
  -1.8269200000000321     
  -1.8711400000000209     
  -1.8751200000000248     
  -1.8601600000000271     
  -1.8102200000000357     
  -1.8277200000000351     
  -1.7981000000000447     
  -1.8488200000000286     
  -1.8399600000000287     
  -1.8121800000000379     
  -1.8223400000000383     
  -1.8654200000000241     
  -1.8639200000000278     
  -1.8678200000000211     
  -1.8197600000000387     
  -1.7940400000000449     
  -1.8599800000000246     
  -1.8369800000000349     
  -1.8410800000000298     
  -1.8517000000000301     
  -1.8543600000000287     
  -1.8578600000000307     
  -1.8338600000000307     
  -1.8635400000000237     
  -1.8722200000000240     
  -1.8224800000000370     
  -1.8666800000000239     
  -1.8077200000000437     
  -1.8146400000000347     
  -1.8267600000000372     
  -1.8242200000000357     
  -1.8327200000000394     
  -1.8626400000000261     
  -1.8576800000000253     
  -1.8419400000000297     
  -1.8148000000000353     
  -1.8366400000000318     
  -1.8616000000000266     
  -1.8379800000000275     
  -1.8048400000000391     
  -1.8551400000000295     
  -1.7984800000000429     
  -1.8302000000000338     
  -1.8478800000000297     
  -1.8567800000000305     
  -1.8410000000000308     
  -1.8066800000000385     
  -1.8491000000000317     
  -1.8433600000000272     
  -1.8490600000000279     
  -1.8332000000000352     
  -1.8266000000000338     
  -1.7967000000000404     
  -1.8703200000000277     
  -1.8243400000000354     
  -1.8505600000000271     
  -1.8064600000000439     
  -1.8461000000000303     
  -1.8707400000000209     
  -1.8493600000000243     
  -1.8613000000000273     
  -1.8183200000000364     
  -1.8253200000000378     
  -1.8216400000000361     
  -1.8106000000000397     
  -1.8159400000000325     
  -1.7898200000000444     
  -1.8233400000000368     
  -1.7999400000000472     
  -1.8363200000000306     
  -1.8222600000000395     
  -1.8167800000000305     
  -1.8476600000000294     
  -1.8169200000000378     
  -1.8577800000000262     
  -1.8673800000000260     
  -1.8331000000000317     
  -1.8535000000000317     
  -1.8315600000000345     
  -1.8687200000000248     
  -1.8055800000000393     
  -1.8182200000000386     
  -1.8340400000000332     
  -1.8492000000000266     
  -1.8799000000000201     
  -1.8350400000000289     
  -1.8095600000000374     
  -1.8315400000000326     
  -1.8384600000000322     
  -1.8481800000000290     
  -1.8048800000000342     
  -1.8486200000000299     
  -1.8329600000000359     
  -1.8507000000000287     
  -1.8596400000000275     
  -1.8449400000000311     
  -1.8613200000000292     
  -1.8590600000000250     
  -1.8434200000000329     
  -1.8566600000000280     
  -1.8468400000000333     
  -1.8532600000000263     
  -1.8392000000000295     
  -1.8674200000000241     
  -1.8574200000000298     
  -1.8336600000000294     
  -1.7975000000000403     
  -1.7986400000000435     
  -1.8729200000000292     
  -1.8220400000000361     
  -1.8360600000000293     
  -1.8580600000000294     
  -1.8374600000000307     
  -1.8294200000000358     
  -1.7857000000000476     
  -1.8405800000000347     
  -1.8024200000000401     
  -1.8444200000000284     
  -1.8371800000000333     
  -1.8287200000000337     
  -1.8379600000000287     
  -1.8521800000000319     
  -1.8491200000000336     
  -1.8307400000000353     
  -1.8080200000000402     
  -1.7825400000000426     
  -1.8442000000000309     
  -1.8117800000000377     
  -1.8295800000000364     
  -1.8482600000000278     
  -1.8264000000000324     
  -1.8470000000000308     
  -1.8169800000000349     
  -1.7956400000000390     
  -1.7929200000000467     
  -1.8181600000000360     
  -1.8449200000000321     
  -1.8205000000000360     
  -1.8328600000000321     
  -1.8229200000000378     
  -1.8465200000000321     
  -1.8261600000000360     
  -1.8258200000000357     
  -1.8073600000000416     
  -1.7903400000000471     
  -1.8452200000000343     
  -1.8319600000000373     
  -1.8372800000000342     
  -1.8165400000000398     
  -1.8605800000000232     
  -1.8829000000000216     
  -1.8728000000000236     
  -1.7810200000000473     
  -1.8576400000000217     
  -1.7795000000000463     
  -1.8319200000000393     
  -1.8492400000000275     
  -1.8263000000000376     
  -1.8461000000000332     
  -1.8055000000000374     
  -1.8411000000000317     
  -1.8538000000000281     
  -1.8312400000000304     
  -1.8281600000000360     
  -1.8140600000000409     
  -1.7976400000000450     
  -1.8466200000000299     
  -1.8499600000000316     
  -1.8395800000000275     
  -1.8246600000000366     
  -1.8447600000000315     
  -1.8332000000000352     
  -1.8058200000000415     
  -1.8431200000000336     
  -1.8285200000000350     
  -1.8196800000000370     
  -1.8502200000000271     
  -1.8943200000000191     
  -1.8426200000000328     
  -1.8420600000000293     
  -1.8605200000000293     
  -1.8799600000000227     
  -1.8411400000000324     
  -1.8223400000000354     
  -1.7786600000000454     
  -1.8298600000000307     
  -1.7841600000000475     
  -1.8192200000000371     
  -1.8414000000000310     
  -1.8597800000000233     
  -1.8071400000000384     
  -1.8458000000000310     
  -1.8109200000000349     
  -1.8784000000000207     
  -1.8341400000000310     
  -1.8039400000000441     
  -1.8436200000000313     
  -1.8423200000000277     
  -1.8077600000000418     
  -1.8241800000000348     
  -1.8081200000000408     
  -1.8205800000000349     
  -1.8335800000000333     
  -1.8275000000000317     
  -1.8605800000000232     
  -1.8108000000000382     
  -1.8450000000000308     
  -1.8337800000000319     
  -1.8384600000000293     
  -1.8436600000000323     
  -1.8457800000000291     
  -1.8294200000000329     
  -1.8456200000000285     
  -1.8360400000000303     
  -1.8200400000000361     
  -1.7974600000000425     
  -1.8426800000000298     
  -1.8072600000000438     
  -1.8173600000000387     
  -1.8563000000000287     
  -1.8110200000000387     
  -1.8087400000000413     
  -1.8288400000000362     
  -1.7787600000000432     
  -1.8424800000000312     
  -1.8408400000000302     
  -1.8504400000000274     
  -1.8445000000000302     
  -1.8366600000000308     
  -1.8396200000000313     
  -1.8251600000000374     
  -1.8224200000000372     
  -1.8563400000000267     
  -1.8610000000000309     
  -1.8339000000000403     
  -1.8603000000000229     
  -1.8787400000000181     
  -1.8381000000000332     
  -1.8188400000000391     
  -1.8523000000000287     
  -1.8361400000000341     
  -1.8517800000000320     
  -1.8356600000000294     
  -1.8350600000000337     
  -1.8332000000000381     
  -1.8132400000000390     
  -1.8241200000000379     
  -1.8044200000000401     
  -1.8042200000000386     
  -1.7748600000000496     
  -1.8433400000000340     
  -1.8147200000000423     
  -1.8782200000000211     
  -1.8377800000000319     
  -1.8214200000000329     
  -1.8504800000000254     
  -1.8439000000000259     
  -1.8220400000000332     
  -1.8339800000000335     
  -1.8197800000000377     
  -1.8074200000000415     
  -1.7958200000000415     
  -1.7945600000000446     
  -1.8395200000000336     
  -1.8738600000000250     
  -1.8614200000000241     
  -1.8318400000000319     
  -1.8178400000000405     
  -1.8194000000000339     
  -1.8458600000000278     
  -1.8360400000000332     
  -1.8052200000000400     
  -1.8327600000000315     
  -1.8712400000000216     
  -1.8192200000000400     
  -1.8309000000000359     
  -1.8306600000000337     
  -1.8384600000000322     
  -1.8074000000000368     
  -1.8447400000000354     
  -1.8375800000000304     
  -1.8435000000000346     
  -1.7908000000000499     
  -1.7904000000000440     
  -1.8535000000000259     
  -1.8236600000000409     
  -1.8757800000000233     
  -1.8480400000000303     
  -1.8633400000000253     
  -1.8696000000000237     
  -1.8172000000000381     
  -1.8836400000000186     
  -1.8320800000000312     
  -1.8395000000000317     
  -1.8488400000000245     
  -1.8464400000000274     
  -1.8675400000000237     
  -1.8169400000000397     
  -1.8440400000000274     
  -1.7923600000000433     
  -1.8268400000000362     
  -1.8322400000000318     
  -1.8489000000000273     
  -1.8803600000000258     
  -1.8110000000000426     
  -1.8074600000000425     
  -1.8197000000000390     
  -1.8485000000000331     
  -1.8185000000000331     
  -1.8490600000000279     
  -1.8320800000000370     
  -1.8479600000000287     
  -1.8231000000000346     
  -1.8333000000000361     
  -1.8188800000000371     
  -1.8484800000000312     
  -1.7975600000000489     
  -1.8751200000000219     
  -1.8221800000000348     
  -1.8507400000000267     
  -1.8442200000000299     
  -1.8471000000000288     
  -1.8774600000000192     
  -1.8308200000000314     
  -1.8297000000000361     
  -1.9044200000000169     
  -1.8511600000000286     
  -1.8548000000000266     
  -1.8002800000000414     
  -1.8635600000000256     
  -1.8591600000000257     
  -1.8568000000000235     
  -1.8640200000000284     
  -1.8235000000000374     
  -1.8309800000000349     
  -1.8296000000000352     
  -1.8657200000000234     
  -1.8269200000000350     
  -1.8447600000000286     
  -1.8279600000000373     
  -1.8210400000000375     
  -1.8143400000000443     
  -1.8668400000000245     
  -1.8448800000000312     
  -1.8142600000000395     
  -1.8536800000000282     
  -1.8461800000000290     
  -1.8450800000000298     
  -1.8752800000000225     
  -1.8725200000000262     
  -1.8355600000000316     
  -1.8406600000000308     
  -1.8579000000000316     
  -1.8230000000000339     
  -1.8234400000000348     
  -1.8163800000000363     
  -1.8684200000000197     
  -1.8331000000000346     
  -1.8082200000000415     
  -1.8454400000000288     
  -1.8044000000000440     
  -1.7851800000000451     
  -1.8153400000000368     
  -1.8491400000000267     
  -1.8396000000000323     
  -1.8346200000000328     
  -1.8758000000000221     
  -1.8341800000000319     
  -1.8192000000000381     
  -1.8070200000000358     
  -1.8533000000000273     
  -1.8750200000000241     
  -1.8321600000000358     
  -1.8237000000000332     
  -1.8005400000000427     
  -1.8231200000000365     
  -1.8090600000000425     
  -1.8333000000000301     
  -1.8826800000000181     
  -1.8116400000000390     
  -1.8269400000000311     
  -1.8545800000000319     
  -1.8053800000000377     
  -1.8287000000000346     
  -1.8959400000000179     
  -1.8400000000000265     
  -1.8332400000000304     
  -1.8207400000000384     
  -1.8191600000000374     
  -1.8651400000000238     
  -1.8509400000000282     
  -1.8253600000000358     
  -1.8356800000000313     
  -1.8184000000000353     
  -1.8304400000000303     
  -1.8525000000000302     
  -1.8488800000000283     
  -1.8169200000000407     
  -1.8222400000000347     
  -1.8330000000000308     
  -1.8326000000000338     
  -1.8853200000000205     
  -1.8463200000000306     
  -1.8208800000000371     
  -1.8593200000000234     
  -1.7965600000000446     
  -1.8320800000000341     
  -1.8565200000000264     
  -1.8334200000000358     
  -1.8728800000000225     
  -1.8475600000000285     
  -1.8753000000000215     
  -1.8701200000000204     
  -1.8364400000000303     
  -1.7931200000000422     
  -1.8239000000000345     
  -1.8511800000000276     
  -1.8614400000000231     
  -1.8251200000000394     
  -1.8437800000000291     
  -1.8151200000000394     
  -1.7990400000000464     
  -1.8317000000000332     
  -1.8491000000000288     
  -1.8244600000000382     
  -1.8189200000000378     
  -1.8264800000000341     
  -1.8044600000000410     
  -1.8207400000000384     
  -1.8645800000000232     
  -1.8344200000000344     
  -1.8132400000000362     
  -1.8646000000000251     
  -1.8669600000000213     
  -1.8365600000000331     
  -1.8086000000000426     
  -1.8197000000000361     
  -1.8576600000000294     
  -1.8149600000000359     
  -1.8484400000000303     
