6.919221530587457210e-310
-5.034468977243671610e+214
0.000000000000000000e+00
0.000000000000000000e+00
6.919221488760254886e-310
2.247609369932753967e-87
0.000000000000000000e+00
0.000000000000000000e+00
0.000000000000000000e+00
0.000000000000000000e+00
0.000000000000000000e+00
0.000000000000000000e+00
0.000000000000000000e+00
0.000000000000000000e+00
0.000000000000000000e+00
0.000000000000000000e+00
0.000000000000000000e+00
0.000000000000000000e+00
0.000000000000000000e+00
0.000000000000000000e+00
6.919221529789047127e-310
3.862830072093768542e+169
6.919221668279995434e-310
3.839319676693197282e+105
0.000000000000000000e+00
0.000000000000000000e+00
0.000000000000000000e+00
0.000000000000000000e+00
6.919221530248330551e-310
-4.248806615053722528e-288
0.000000000000000000e+00
0.000000000000000000e+00
6.919238938461640559e-310
-8.349816817089497789e+68
6.919221472654505337e-310
2.160350743665467617e+151
6.919221485104959612e-310
4.736739965390837029e-118
6.919221529793790157e-310
9.263851796456278400e+16
0.000000000000000000e+00
0.000000000000000000e+00
0.000000000000000000e+00
0.000000000000000000e+00
0.000000000000000000e+00
0.000000000000000000e+00
0.000000000000000000e+00
0.000000000000000000e+00
6.919221530268883682e-310
2.636498089907615063e-230
6.919221529722644704e-310
1.857811852095866870e+140
0.000000000000000000e+00
0.000000000000000000e+00
6.919221472607075035e-310
-1.345526710752005402e+60
6.919221524649183400e-310
-1.652073680067749120e-14
0.000000000000000000e+00
0.000000000000000000e+00
0.000000000000000000e+00
0.000000000000000000e+00
6.919239068532129251e-310
1.881499004590357501e-229
6.919221488703338524e-310
-1.194046094076671549e+31
6.919221668262604323e-310
7.732970981318912828e+158
6.919221488741282765e-310
-6.194885858172804368e+254
6.919221485120769712e-310
-2.068444073497402332e-47
6.919221488802942158e-310
-3.405931992355671514e-185
6.919221488665394282e-310
4.245020940864780326e+105
0.000000000000000000e+00
0.000000000000000000e+00
0.000000000000000000e+00
0.000000000000000000e+00
6.919221529746359855e-310
1.312079544966590377e+42
0.000000000000000000e+00
0.000000000000000000e+00
0.000000000000000000e+00
0.000000000000000000e+00
6.919221529860192580e-310
2.249405093819330369e-306
6.919221524737719964e-310
1.843026795399683835e-174
6.919221529803276217e-310
-5.882176328486717134e-203
0.000000000000000000e+00
0.000000000000000000e+00
0.000000000000000000e+00
0.000000000000000000e+00
0.000000000000000000e+00
0.000000000000000000e+00
6.919221668332168766e-310
5.424901351639752869e+192
0.000000000000000000e+00
0.000000000000000000e+00
0.000000000000000000e+00
0.000000000000000000e+00
0.000000000000000000e+00
0.000000000000000000e+00
0.000000000000000000e+00
0.000000000000000000e+00
0.000000000000000000e+00
0.000000000000000000e+00
0.000000000000000000e+00
0.000000000000000000e+00
6.919221462798488581e-310
-7.348182469423554672e-19
6.919221523655518573e-310
-2.720417510270961976e-243
6.919221523667376148e-310
8.533509486997864173e-273
6.919221488731796705e-310
-4.664493330657911840e+24
0.000000000000000000e+00
0.000000000000000000e+00
6.919221529817505308e-310
-7.886442800480931647e-237
0.000000000000000000e+00
0.000000000000000000e+00
0.000000000000000000e+00
0.000000000000000000e+00
0.000000000000000000e+00
0.000000000000000000e+00
0.000000000000000000e+00
0.000000000000000000e+00
0.000000000000000000e+00
0.000000000000000000e+00
6.919221619351686395e-310
-9.405151674662741961e+172
6.919221619493977301e-310
-2.751436677289044233e+103
0.000000000000000000e+00
0.000000000000000000e+00
0.000000000000000000e+00
0.000000000000000000e+00
0.000000000000000000e+00
0.000000000000000000e+00
0.000000000000000000e+00
0.000000000000000000e+00
0.000000000000000000e+00
0.000000000000000000e+00
0.000000000000000000e+00
0.000000000000000000e+00
0.000000000000000000e+00
0.000000000000000000e+00
6.919221487067783610e-310
-1.570751787834595200e+194
0.000000000000000000e+00
0.000000000000000000e+00
0.000000000000000000e+00
0.000000000000000000e+00
0.000000000000000000e+00
0.000000000000000000e+00
6.919221619370658516e-310
-5.083657574248917639e+284
0.000000000000000000e+00
0.000000000000000000e+00
0.000000000000000000e+00
0.000000000000000000e+00
6.919221530299713378e-310
1.464454761562742294e-264
6.919221529784304096e-310
1.072604113002661865e+185
0.000000000000000000e+00
0.000000000000000000e+00
0.000000000000000000e+00
0.000000000000000000e+00
0.000000000000000000e+00
0.000000000000000000e+00
6.919221530238053986e-310
-1.428592251890753308e+159
0.000000000000000000e+00
0.000000000000000000e+00
6.919238938409467227e-310
6.306390530099400204e-260
0.000000000000000000e+00
0.000000000000000000e+00
0.000000000000000000e+00
0.000000000000000000e+00
0.000000000000000000e+00
0.000000000000000000e+00
0.000000000000000000e+00
0.000000000000000000e+00
0.000000000000000000e+00
0.000000000000000000e+00
6.919221529808019247e-310
-2.168259297757641493e-32
6.919221488798199128e-310
7.560189967085951377e-52
0.000000000000000000e+00
0.000000000000000000e+00
6.919221619342200334e-310
1.367631245463193552e-169
6.919221529912365912e-310
4.640918880125071821e-216
6.919221488807685188e-310
3.618815071379444649e+32
0.000000000000000000e+00
0.000000000000000000e+00
6.919221530279160247e-310
-5.619904007730882076e-122
6.919221529760588945e-310
5.798168288568789557e+114
0.000000000000000000e+00
0.000000000000000000e+00
0.000000000000000000e+00
0.000000000000000000e+00
0.000000000000000000e+00
0.000000000000000000e+00
6.919221603415104922e-310
6.104515074430959720e+88
0.000000000000000000e+00
0.000000000000000000e+00
6.919221524744044004e-310
8.055194527895496499e-285
6.919221488821914279e-310
-1.793809257519624672e-261
0.000000000000000000e+00
0.000000000000000000e+00
6.919221529765331976e-310
1.786431781578690346e+124
0.000000000000000000e+00
0.000000000000000000e+00
0.000000000000000000e+00
0.000000000000000000e+00
0.000000000000000000e+00
0.000000000000000000e+00
0.000000000000000000e+00
0.000000000000000000e+00
6.919221529774818036e-310
-3.173003201960550205e-287
0.000000000000000000e+00
0.000000000000000000e+00
6.919221619484491240e-310
-3.626366450697545466e-107
0.000000000000000000e+00
0.000000000000000000e+00
0.000000000000000000e+00
0.000000000000000000e+00
0.000000000000000000e+00
0.000000000000000000e+00
6.919221529831734398e-310
-2.628632186929272286e+215
6.919221530608010341e-310
-1.032334332407051885e+172
0.000000000000000000e+00
0.000000000000000000e+00
0.000000000000000000e+00
0.000000000000000000e+00
0.000000000000000000e+00
0.000000000000000000e+00
0.000000000000000000e+00
0.000000000000000000e+00
0.000000000000000000e+00
0.000000000000000000e+00
0.000000000000000000e+00
0.000000000000000000e+00
6.919221488722310644e-310
3.456118177537741532e-35
0.000000000000000000e+00
0.000000000000000000e+00
6.919221530217500855e-310
-1.844308914397999790e-76
6.919221530597733776e-310
1.289636196479438262e-206
0.000000000000000000e+00
0.000000000000000000e+00
0.000000000000000000e+00
0.000000000000000000e+00
6.919221488736539735e-310
2.499286833365701479e-224
6.919221488788713067e-310
-1.287857986817468583e+135
0.000000000000000000e+00
0.000000000000000000e+00
0.000000000000000000e+00
0.000000000000000000e+00
0.000000000000000000e+00
0.000000000000000000e+00
0.000000000000000000e+00
0.000000000000000000e+00
0.000000000000000000e+00
0.000000000000000000e+00
0.000000000000000000e+00
0.000000000000000000e+00
0.000000000000000000e+00
0.000000000000000000e+00
0.000000000000000000e+00
0.000000000000000000e+00
0.000000000000000000e+00
0.000000000000000000e+00
0.000000000000000000e+00
0.000000000000000000e+00
0.000000000000000000e+00
0.000000000000000000e+00
6.919221485144484863e-310
-3.604631645249095068e+137
6.919221530227777420e-310
-2.241673814825826917e-23
6.919221529845963489e-310
-1.403619857708809578e-148
0.000000000000000000e+00
0.000000000000000000e+00
6.919221491085920694e-310
-2.188221523037602728e-02
6.919221530258607116e-310
1.704385772430572516e+252
6.919221529874421670e-310
-5.478636302235154081e+109
6.919221488679623373e-310
-1.674126801647309354e-145
0.000000000000000000e+00
0.000000000000000000e+00
0.000000000000000000e+00
0.000000000000000000e+00
0.000000000000000000e+00
0.000000000000000000e+00
0.000000000000000000e+00
0.000000000000000000e+00
6.919221472638695236e-310
2.973371611189167069e-83
0.000000000000000000e+00
0.000000000000000000e+00
0.000000000000000000e+00
0.000000000000000000e+00
0.000000000000000000e+00
0.000000000000000000e+00
0.000000000000000000e+00
0.000000000000000000e+00
6.919221488708081554e-310
6.094019352127719985e-07
0.000000000000000000e+00
0.000000000000000000e+00
0.000000000000000000e+00
0.000000000000000000e+00
6.919221529841220459e-310
2.120014505538828011e-215
0.000000000000000000e+00
0.000000000000000000e+00
0.000000000000000000e+00
0.000000000000000000e+00
0.000000000000000000e+00
0.000000000000000000e+00
0.000000000000000000e+00
0.000000000000000000e+00
0.000000000000000000e+00
0.000000000000000000e+00
6.919221529727387734e-310
6.186899110120268493e-48
0.000000000000000000e+00
0.000000000000000000e+00
6.919239010048195369e-310
-1.014061479160003268e+306
0.000000000000000000e+00
0.000000000000000000e+00
6.919221524642859360e-310
4.039746975940535273e-119
0.000000000000000000e+00
0.000000000000000000e+00
6.919221485112864662e-310
1.879583245983239196e-218
6.919221485128674763e-310
3.946361784395336609e-123
0.000000000000000000e+00
0.000000000000000000e+00
0.000000000000000000e+00
0.000000000000000000e+00
0.000000000000000000e+00
0.000000000000000000e+00
0.000000000000000000e+00
0.000000000000000000e+00
6.919221530309989944e-310
1.862509075534531308e+127
6.919238971885774379e-310
-2.104990055154750847e-07
0.000000000000000000e+00
0.000000000000000000e+00
0.000000000000000000e+00
0.000000000000000000e+00
0.000000000000000000e+00
0.000000000000000000e+00
0.000000000000000000e+00
0.000000000000000000e+00
6.919221596102142859e-310
1.904488624073309200e-87
0.000000000000000000e+00
0.000000000000000000e+00
6.919221488769740946e-310
7.986252166514315213e-19
6.919221488812428218e-310
-5.399676550397501826e-92
6.919221472812606343e-310
-1.797984099320816041e+89
0.000000000000000000e+00
0.000000000000000000e+00
0.000000000000000000e+00
0.000000000000000000e+00
0.000000000000000000e+00
0.000000000000000000e+00
0.000000000000000000e+00
0.000000000000000000e+00
0.000000000000000000e+00
0.000000000000000000e+00
0.000000000000000000e+00
0.000000000000000000e+00
6.919221668271299878e-310
-2.260687022028559507e-291
6.919221488793456097e-310
-1.201411698613494961e+145
0.000000000000000000e+00
0.000000000000000000e+00
0.000000000000000000e+00
0.000000000000000000e+00
0.000000000000000000e+00
0.000000000000000000e+00
0.000000000000000000e+00
0.000000000000000000e+00
6.919221529907622882e-310
5.168599888615273453e-140
0.000000000000000000e+00
0.000000000000000000e+00
0.000000000000000000e+00
0.000000000000000000e+00
0.000000000000000000e+00
0.000000000000000000e+00
0.000000000000000000e+00
0.000000000000000000e+00
6.919221488746025795e-310
-7.369584805719013114e-69
6.919221488698595493e-310
1.103469710335854330e+82
6.919221462792955046e-310
-3.633632243427113965e-142
6.919221485231440417e-310
-1.718325165649551809e+212
0.000000000000000000e+00
0.000000000000000000e+00
0.000000000000000000e+00
0.000000000000000000e+00
6.919238971926880641e-310
1.962451546732622369e+70
0.000000000000000000e+00
0.000000000000000000e+00
0.000000000000000000e+00
0.000000000000000000e+00
0.000000000000000000e+00
0.000000000000000000e+00
6.919221530289436813e-310
-8.313967264580677006e-71
0.000000000000000000e+00
0.000000000000000000e+00
0.000000000000000000e+00
0.000000000000000000e+00
0.000000000000000000e+00
0.000000000000000000e+00
0.000000000000000000e+00
0.000000000000000000e+00
0.000000000000000000e+00
0.000000000000000000e+00
0.000000000000000000e+00
0.000000000000000000e+00
0.000000000000000000e+00
0.000000000000000000e+00
0.000000000000000000e+00
0.000000000000000000e+00
0.000000000000000000e+00
0.000000000000000000e+00
0.000000000000000000e+00
0.000000000000000000e+00
0.000000000000000000e+00
0.000000000000000000e+00
0.000000000000000000e+00
0.000000000000000000e+00
0.000000000000000000e+00
0.000000000000000000e+00
6.919221619531921542e-310
2.918369469788010071e+57
0.000000000000000000e+00
0.000000000000000000e+00
0.000000000000000000e+00
0.000000000000000000e+00
0.000000000000000000e+00
0.000000000000000000e+00
6.919221488712824584e-310
1.528058684977750089e+95
0.000000000000000000e+00
0.000000000000000000e+00
0.000000000000000000e+00
0.000000000000000000e+00
0.000000000000000000e+00
0.000000000000000000e+00
6.919221488670137312e-310
8.301412717389448323e+247
0.000000000000000000e+00
0.000000000000000000e+00
0.000000000000000000e+00
0.000000000000000000e+00
0.000000000000000000e+00
0.000000000000000000e+00
0.000000000000000000e+00
0.000000000000000000e+00
0.000000000000000000e+00
0.000000000000000000e+00
0.000000000000000000e+00
0.000000000000000000e+00
0.000000000000000000e+00
0.000000000000000000e+00
6.919221529869678640e-310
-3.960431390244445018e+146
6.919221518462691009e-310
1.314994574333765662e+287
0.000000000000000000e+00
0.000000000000000000e+00
0.000000000000000000e+00
0.000000000000000000e+00
0.000000000000000000e+00
0.000000000000000000e+00
0.000000000000000000e+00
0.000000000000000000e+00
0.000000000000000000e+00
0.000000000000000000e+00
6.919221488646422161e-310
2.582820219647923438e+14
0.000000000000000000e+00
0.000000000000000000e+00
0.000000000000000000e+00
0.000000000000000000e+00
0.000000000000000000e+00
0.000000000000000000e+00
0.000000000000000000e+00
0.000000000000000000e+00
0.000000000000000000e+00
0.000000000000000000e+00
0.000000000000000000e+00
0.000000000000000000e+00
0.000000000000000000e+00
0.000000000000000000e+00
6.919221488764997916e-310
-1.293519608767095311e+29
0.000000000000000000e+00
0.000000000000000000e+00
0.000000000000000000e+00
0.000000000000000000e+00
6.919239056472974967e-310
5.415801464490868387e+78
0.000000000000000000e+00
0.000000000000000000e+00
0.000000000000000000e+00
0.000000000000000000e+00
6.919221488717567614e-310
-2.222194567081799263e-128
0.000000000000000000e+00
0.000000000000000000e+00
6.919221472626837660e-310
-9.969475966293547065e+64
0.000000000000000000e+00
0.000000000000000000e+00
0.000000000000000000e+00
0.000000000000000000e+00
0.000000000000000000e+00
0.000000000000000000e+00
0.000000000000000000e+00
0.000000000000000000e+00
0.000000000000000000e+00
0.000000000000000000e+00
6.919221488674880342e-310
-1.446281539910743196e-241
0.000000000000000000e+00
0.000000000000000000e+00
0.000000000000000000e+00
0.000000000000000000e+00
0.000000000000000000e+00
0.000000000000000000e+00
0.000000000000000000e+00
0.000000000000000000e+00
0.000000000000000000e+00
0.000000000000000000e+00
6.919221668158257659e-310
6.390243904842501009e+239
6.919221529850706519e-310
3.574703741311806083e-161
6.919221488755511856e-310
1.770203017589035060e+89
6.919221619361172455e-310
-1.016919183802812887e+136
6.919221488817171248e-310
1.067751678280841052e-60
0.000000000000000000e+00
0.000000000000000000e+00
0.000000000000000000e+00
0.000000000000000000e+00
0.000000000000000000e+00
0.000000000000000000e+00
0.000000000000000000e+00
0.000000000000000000e+00
0.000000000000000000e+00
0.000000000000000000e+00
0.000000000000000000e+00
0.000000000000000000e+00
0.000000000000000000e+00
0.000000000000000000e+00
0.000000000000000000e+00
0.000000000000000000e+00
6.919221529798533187e-310
1.495409551019886536e-180
0.000000000000000000e+00
0.000000000000000000e+00
0.000000000000000000e+00
0.000000000000000000e+00
0.000000000000000000e+00
0.000000000000000000e+00
6.919221529879164700e-310
-7.015296013947326171e-255
0.000000000000000000e+00
0.000000000000000000e+00
0.000000000000000000e+00
0.000000000000000000e+00
0.000000000000000000e+00
0.000000000000000000e+00
6.919221488655908222e-310
4.151292356541036251e+196
0.000000000000000000e+00
0.000000000000000000e+00
0.000000000000000000e+00
0.000000000000000000e+00
0.000000000000000000e+00
0.000000000000000000e+00
0.000000000000000000e+00
0.000000000000000000e+00
6.919221488689109433e-310
3.493100624872258859e-164
0.000000000000000000e+00
0.000000000000000000e+00
0.000000000000000000e+00
0.000000000000000000e+00
0.000000000000000000e+00
0.000000000000000000e+00
0.000000000000000000e+00
0.000000000000000000e+00
6.919221488783970037e-310
-2.791443382240897904e-76
0.000000000000000000e+00
0.000000000000000000e+00
6.919221529836477429e-310
6.692915672411333513e-115
6.919221529812762278e-310
-2.078897021391118014e-227
6.919221530577180645e-310
-8.357595973690118849e-17
0.000000000000000000e+00
0.000000000000000000e+00
0.000000000000000000e+00
0.000000000000000000e+00
0.000000000000000000e+00
0.000000000000000000e+00
6.919221527444409198e-310
-3.110944682833168115e-179
6.919221619332714274e-310
-3.353066304109884445e+148
6.919221485136579813e-310
-1.353402831687454637e-142
6.919221524706099762e-310
-2.760471238958987223e+306
0.000000000000000000e+00
0.000000000000000000e+00
0.000000000000000000e+00
0.000000000000000000e+00
0.000000000000000000e+00
0.000000000000000000e+00
0.000000000000000000e+00
0.000000000000000000e+00
0.000000000000000000e+00
0.000000000000000000e+00
0.000000000000000000e+00
0.000000000000000000e+00
6.919221488651165191e-310
1.301949074610067498e+299
0.000000000000000000e+00
0.000000000000000000e+00
0.000000000000000000e+00
0.000000000000000000e+00
6.919221668306082100e-310
-1.214281215128177383e+154
6.919221488750768826e-310
4.190117420678185189e+169
6.919221527477610409e-310
5.406900152051232340e+176
0.000000000000000000e+00
0.000000000000000000e+00
0.000000000000000000e+00
0.000000000000000000e+00
0.000000000000000000e+00
0.000000000000000000e+00
0.000000000000000000e+00
0.000000000000000000e+00
0.000000000000000000e+00
0.000000000000000000e+00
0.000000000000000000e+00
0.000000000000000000e+00
0.000000000000000000e+00
0.000000000000000000e+00
0.000000000000000000e+00
0.000000000000000000e+00
6.919221668323473210e-310
4.403297567676813958e+242
6.919221619323228214e-310
7.131329986422087944e+31
0.000000000000000000e+00
0.000000000000000000e+00
0.000000000000000000e+00
0.000000000000000000e+00
6.919221668253908768e-310
-4.990475131684934174e-66
0.000000000000000000e+00
0.000000000000000000e+00
0.000000000000000000e+00
0.000000000000000000e+00
0.000000000000000000e+00
0.000000000000000000e+00
0.000000000000000000e+00
0.000000000000000000e+00
0.000000000000000000e+00
0.000000000000000000e+00
0.000000000000000000e+00
0.000000000000000000e+00
0.000000000000000000e+00
0.000000000000000000e+00
6.919221472642647761e-310
-1.700749541609105594e-120
0.000000000000000000e+00
0.000000000000000000e+00
0.000000000000000000e+00
0.000000000000000000e+00
6.919221529855449549e-310
2.777040178806145518e-177
6.919221488693852463e-310
-2.361492438245828061e+289
0.000000000000000000e+00
0.000000000000000000e+00
0.000000000000000000e+00
0.000000000000000000e+00
0.000000000000000000e+00
0.000000000000000000e+00
6.919221596137715585e-310
-1.734904095394989863e-91
0.000000000000000000e+00
0.000000000000000000e+00
6.919221462809555651e-310
-5.344705689961368058e+138
6.919221488779227007e-310
-1.207845035562455596e+304
0.000000000000000000e+00
0.000000000000000000e+00
6.919221529770075006e-310
-4.001476022965535527e-229
6.919238938471126620e-310
-2.212141466001159084e-59
6.919221472650552811e-310
-1.489524739696942270e+05
0.000000000000000000e+00
0.000000000000000000e+00
0.000000000000000000e+00
0.000000000000000000e+00
6.919221527466543339e-310
-1.370010602407253096e-58
6.919221529755845915e-310
1.148152802539846485e+109
6.919221527455476268e-310
1.303962578825347399e-169
0.000000000000000000e+00
0.000000000000000000e+00
6.919221529751102885e-310
-7.274557876289207276e+140
6.919221488660651252e-310
7.158509017786142692e-103
0.000000000000000000e+00
0.000000000000000000e+00
0.000000000000000000e+00
0.000000000000000000e+00
6.919221488826657309e-310
1.331890615937927800e+152
0.000000000000000000e+00
0.000000000000000000e+00
6.919221529917108942e-310
-6.947676087749731957e+133
0.000000000000000000e+00
0.000000000000000000e+00
0.000000000000000000e+00
0.000000000000000000e+00
6.919221524630211279e-310
2.535329115604462063e-245
6.919221529741616825e-310
8.442380457562601171e+38
6.919221530207224289e-310
2.281803307192381439e+176
6.919221668314777655e-310
1.282450686440986181e-249
0.000000000000000000e+00
0.000000000000000000e+00
0.000000000000000000e+00
0.000000000000000000e+00
0.000000000000000000e+00
0.000000000000000000e+00
0.000000000000000000e+00
0.000000000000000000e+00
0.000000000000000000e+00
0.000000000000000000e+00
0.000000000000000000e+00
0.000000000000000000e+00
0.000000000000000000e+00
0.000000000000000000e+00
0.000000000000000000e+00
0.000000000000000000e+00
0.000000000000000000e+00
0.000000000000000000e+00
6.919221529893393791e-310
-1.088451938510122223e-216
6.919221529902879851e-310
-2.639347134914552940e+133
0.000000000000000000e+00
0.000000000000000000e+00
6.919221518440556868e-310
1.463958358418600481e+95
6.919221529888650761e-310
1.651511752270014317e-106
0.000000000000000000e+00
0.000000000000000000e+00
0.000000000000000000e+00
0.000000000000000000e+00
0.000000000000000000e+00
0.000000000000000000e+00
0.000000000000000000e+00
0.000000000000000000e+00
0.000000000000000000e+00
0.000000000000000000e+00
0.000000000000000000e+00
0.000000000000000000e+00
0.000000000000000000e+00
0.000000000000000000e+00
6.919221472634742711e-310
-1.927587414316810765e+123
0.000000000000000000e+00
0.000000000000000000e+00
6.919221488774483977e-310
2.138129189205142664e-225
0.000000000000000000e+00
0.000000000000000000e+00
6.919221529921851972e-310
1.042746715252048039e+93
6.919221485215630316e-310
-1.137198534230741179e-145
0.000000000000000000e+00
0.000000000000000000e+00
0.000000000000000000e+00
0.000000000000000000e+00
6.919221529822248338e-310
1.353604618071270898e-157
0.000000000000000000e+00
0.000000000000000000e+00
0.000000000000000000e+00
0.000000000000000000e+00
0.000000000000000000e+00
0.000000000000000000e+00
0.000000000000000000e+00
0.000000000000000000e+00
0.000000000000000000e+00
0.000000000000000000e+00
0.000000000000000000e+00
0.000000000000000000e+00
0.000000000000000000e+00
0.000000000000000000e+00
0.000000000000000000e+00
0.000000000000000000e+00
0.000000000000000000e+00
0.000000000000000000e+00
0.000000000000000000e+00
0.000000000000000000e+00
0.000000000000000000e+00
0.000000000000000000e+00
0.000000000000000000e+00
0.000000000000000000e+00
0.000000000000000000e+00
0.000000000000000000e+00
0.000000000000000000e+00
0.000000000000000000e+00
0.000000000000000000e+00
0.000000000000000000e+00
6.919221619475005180e-310
-3.609894924291010879e+47
0.000000000000000000e+00
0.000000000000000000e+00
6.919221529779561066e-310
2.697046625518971225e+135
6.919221668297386544e-310
-3.092466566241170662e-181
0.000000000000000000e+00
0.000000000000000000e+00
0.000000000000000000e+00
0.000000000000000000e+00
6.919221462787421510e-310
-3.069791892697862293e+70
0.000000000000000000e+00
0.000000000000000000e+00
0.000000000000000000e+00
0.000000000000000000e+00
6.919221529736873794e-310
-1.505105253006072590e-50
0.000000000000000000e+00
0.000000000000000000e+00
6.919239100402130176e-310
1.317749983954154853e-16
0.000000000000000000e+00
0.000000000000000000e+00
6.919239003189773700e-310
3.038885596218679764e+213
6.919221488727053675e-310
2.258121914575534735e-278
6.919221485223535367e-310
2.948368776684110827e-105
0.000000000000000000e+00
0.000000000000000000e+00
6.919221529898136821e-310
-1.922088104024128792e+292
0.000000000000000000e+00
0.000000000000000000e+00
6.919221619522435482e-310
1.280420020576162712e+305
6.919221529864935610e-310
-3.116592443460817538e+143
0.000000000000000000e+00
0.000000000000000000e+00
0.000000000000000000e+00
0.000000000000000000e+00
6.919221529883907731e-310
-1.256909014424626878e-10
6.919239010433961825e-310
1.050211804050585792e+145
0.000000000000000000e+00
0.000000000000000000e+00
0.000000000000000000e+00
0.000000000000000000e+00
6.919221529732130764e-310
-8.877891958205578199e-235
6.919221472611027560e-310
-9.873645215419487927e+185
0.000000000000000000e+00
0.000000000000000000e+00
0.000000000000000000e+00
0.000000000000000000e+00
6.919221472630790186e-310
5.010290797735004287e+300
0.000000000000000000e+00
0.000000000000000000e+00
6.919221529826991368e-310
1.422516294892304344e+06
0.000000000000000000e+00
0.000000000000000000e+00
0.000000000000000000e+00
0.000000000000000000e+00
0.000000000000000000e+00
0.000000000000000000e+00
0.000000000000000000e+00
0.000000000000000000e+00
0.000000000000000000e+00
0.000000000000000000e+00
0.000000000000000000e+00
0.000000000000000000e+00
0.000000000000000000e+00
0.000000000000000000e+00
0.000000000000000000e+00
0.000000000000000000e+00
0.000000000000000000e+00
0.000000000000000000e+00
0.000000000000000000e+00
0.000000000000000000e+00
6.919221596151944676e-310
3.706171872950614922e+266
0.000000000000000000e+00
0.000000000000000000e+00
0.000000000000000000e+00
0.000000000000000000e+00
0.000000000000000000e+00
0.000000000000000000e+00
0.000000000000000000e+00
0.000000000000000000e+00
0.000000000000000000e+00
0.000000000000000000e+00
0.000000000000000000e+00
0.000000000000000000e+00
0.000000000000000000e+00
0.000000000000000000e+00
0.000000000000000000e+00
0.000000000000000000e+00
