0.000000000000000000e+00
0.000000000000000000e+00
0.000000000000000000e+00
0.000000000000000000e+00
0.000000000000000000e+00
0.000000000000000000e+00
0.000000000000000000e+00
0.000000000000000000e+00
0.000000000000000000e+00
0.000000000000000000e+00
0.000000000000000000e+00
0.000000000000000000e+00
0.000000000000000000e+00
0.000000000000000000e+00
6.919514371403166939e-310
4.901622890729738089e+72
0.000000000000000000e+00
0.000000000000000000e+00
0.000000000000000000e+00
0.000000000000000000e+00
0.000000000000000000e+00
0.000000000000000000e+00
0.000000000000000000e+00
0.000000000000000000e+00
0.000000000000000000e+00
0.000000000000000000e+00
0.000000000000000000e+00
0.000000000000000000e+00
0.000000000000000000e+00
0.000000000000000000e+00
0.000000000000000000e+00
0.000000000000000000e+00
0.000000000000000000e+00
0.000000000000000000e+00
6.919514550866781630e-310
8.476871269204210617e+178
6.919514485201109520e-310
-6.902561807911572237e+278
0.000000000000000000e+00
0.000000000000000000e+00
6.919514410039890949e-310
1.389452469035749204e+164
6.919514371313049365e-310
4.524049627349517842e+235
6.919514366890964209e-310
-2.439955002927163143e-304
6.919514371246646943e-310
6.778685300663559946e-42
0.000000000000000000e+00
0.000000000000000000e+00
0.000000000000000000e+00
0.000000000000000000e+00
0.000000000000000000e+00
0.000000000000000000e+00
0.000000000000000000e+00
0.000000000000000000e+00
0.000000000000000000e+00
0.000000000000000000e+00
6.919514411541850512e-310
4.741762716681683986e-169
6.919514367001634914e-310
8.473143718728525942e+302
0.000000000000000000e+00
0.000000000000000000e+00
6.919514412034335148e-310
7.567473840707695415e+56
0.000000000000000000e+00
0.000000000000000000e+00
0.000000000000000000e+00
0.000000000000000000e+00
0.000000000000000000e+00
0.000000000000000000e+00
0.000000000000000000e+00
0.000000000000000000e+00
0.000000000000000000e+00
0.000000000000000000e+00
0.000000000000000000e+00
0.000000000000000000e+00
0.000000000000000000e+00
0.000000000000000000e+00
0.000000000000000000e+00
0.000000000000000000e+00
0.000000000000000000e+00
0.000000000000000000e+00
0.000000000000000000e+00
0.000000000000000000e+00
6.919514477937949273e-310
1.861409188197377518e+144
6.919514411551336573e-310
-4.593803946200208114e+215
6.919514477923720183e-310
-8.889737560479205602e+163
0.000000000000000000e+00
0.000000000000000000e+00
0.000000000000000000e+00
0.000000000000000000e+00
6.919514371355736637e-310
-1.080914596180375869e-102
6.919514404632046016e-310
1.105724758342489953e+35
0.000000000000000000e+00
0.000000000000000000e+00
0.000000000000000000e+00
0.000000000000000000e+00
6.919514501109232811e-310
-2.938144551242277026e+07
0.000000000000000000e+00
0.000000000000000000e+00
0.000000000000000000e+00
0.000000000000000000e+00
6.919531886952040880e-310
3.537551383750183595e+04
6.919514371265619063e-310
5.037555825839924930e-171
0.000000000000000000e+00
0.000000000000000000e+00
0.000000000000000000e+00
0.000000000000000000e+00
0.000000000000000000e+00
0.000000000000000000e+00
0.000000000000000000e+00
0.000000000000000000e+00
6.919514371336764516e-310
4.344292623605645194e+278
6.919514406523724561e-310
-1.038687555201553414e-171
6.919514406428863957e-310
1.253372352366283530e+141
6.919514371275105124e-310
-4.334531438579477171e+283
0.000000000000000000e+00
0.000000000000000000e+00
6.919514411518135361e-310
-4.455155436227407051e-159
0.000000000000000000e+00
0.000000000000000000e+00
0.000000000000000000e+00
0.000000000000000000e+00
0.000000000000000000e+00
0.000000000000000000e+00
0.000000000000000000e+00
0.000000000000000000e+00
6.919514412095994541e-310
-1.480793785017361438e-105
0.000000000000000000e+00
0.000000000000000000e+00
6.919514355246034563e-310
-5.116747731291225908e-269
0.000000000000000000e+00
0.000000000000000000e+00
0.000000000000000000e+00
0.000000000000000000e+00
0.000000000000000000e+00
0.000000000000000000e+00
6.919514373681402445e-310
-1.288538750865411318e+248
0.000000000000000000e+00
0.000000000000000000e+00
0.000000000000000000e+00
0.000000000000000000e+00
0.000000000000000000e+00
0.000000000000000000e+00
0.000000000000000000e+00
0.000000000000000000e+00
6.919514371279848154e-310
-1.031993787960673034e+247
0.000000000000000000e+00
0.000000000000000000e+00
0.000000000000000000e+00
0.000000000000000000e+00
0.000000000000000000e+00
0.000000000000000000e+00
0.000000000000000000e+00
0.000000000000000000e+00
0.000000000000000000e+00
0.000000000000000000e+00
0.000000000000000000e+00
0.000000000000000000e+00
6.919514371298820275e-310
4.215785734499277039e+172
0.000000000000000000e+00
0.000000000000000000e+00
0.000000000000000000e+00
0.000000000000000000e+00
0.000000000000000000e+00
0.000000000000000000e+00
0.000000000000000000e+00
0.000000000000000000e+00
0.000000000000000000e+00
0.000000000000000000e+00
0.000000000000000000e+00
0.000000000000000000e+00
6.919514550875477185e-310
1.425256626159911724e-138
0.000000000000000000e+00
0.000000000000000000e+00
6.919514501118718871e-310
-1.815470005228284974e+81
0.000000000000000000e+00
0.000000000000000000e+00
0.000000000000000000e+00
0.000000000000000000e+00
6.919514550753739410e-310
1.131628121533748554e-157
0.000000000000000000e+00
0.000000000000000000e+00
0.000000000000000000e+00
0.000000000000000000e+00
6.919531963627867095e-310
-1.175762994073616585e-123
6.919514411575051724e-310
2.226870611189874374e-124
0.000000000000000000e+00
0.000000000000000000e+00
6.919514355222319412e-310
-2.983513467310312636e+286
0.000000000000000000e+00
0.000000000000000000e+00
0.000000000000000000e+00
0.000000000000000000e+00
6.919514550849390519e-310
9.453300643991194931e-27
0.000000000000000000e+00
0.000000000000000000e+00
0.000000000000000000e+00
0.000000000000000000e+00
0.000000000000000000e+00
0.000000000000000000e+00
0.000000000000000000e+00
0.000000000000000000e+00
0.000000000000000000e+00
0.000000000000000000e+00
0.000000000000000000e+00
0.000000000000000000e+00
0.000000000000000000e+00
0.000000000000000000e+00
6.919531837510694075e-310
5.096577151728716250e+14
0.000000000000000000e+00
0.000000000000000000e+00
0.000000000000000000e+00
0.000000000000000000e+00
6.919514371260876033e-310
-8.707644082307703066e-217
6.919514371350993607e-310
3.469768958873867501e-80
0.000000000000000000e+00
0.000000000000000000e+00
0.000000000000000000e+00
0.000000000000000000e+00
6.919514411617738996e-310
1.760040638077841755e+22
0.000000000000000000e+00
0.000000000000000000e+00
0.000000000000000000e+00
0.000000000000000000e+00
0.000000000000000000e+00
0.000000000000000000e+00
6.919514371374708758e-310
2.526354437795078390e-237
0.000000000000000000e+00
0.000000000000000000e+00
6.919514411679398388e-310
-6.701352373628366026e-108
6.919514411650940207e-310
5.200145650268397827e-98
6.919514411560822633e-310
7.607908830742476312e+03
0.000000000000000000e+00
0.000000000000000000e+00
0.000000000000000000e+00
0.000000000000000000e+00
0.000000000000000000e+00
0.000000000000000000e+00
0.000000000000000000e+00
0.000000000000000000e+00
0.000000000000000000e+00
0.000000000000000000e+00
0.000000000000000000e+00
0.000000000000000000e+00
0.000000000000000000e+00
0.000000000000000000e+00
0.000000000000000000e+00
0.000000000000000000e+00
0.000000000000000000e+00
0.000000000000000000e+00
0.000000000000000000e+00
0.000000000000000000e+00
0.000000000000000000e+00
0.000000000000000000e+00
0.000000000000000000e+00
0.000000000000000000e+00
6.919514411565565663e-310
-1.875347813835647233e-60
6.919514411688884449e-310
-6.596754052169477339e+83
0.000000000000000000e+00
0.000000000000000000e+00
0.000000000000000000e+00
0.000000000000000000e+00
0.000000000000000000e+00
0.000000000000000000e+00
0.000000000000000000e+00
0.000000000000000000e+00
6.919531887467450162e-310
3.108283696726864141e-255
6.919514371388937849e-310
6.379833154596701755e+44
0.000000000000000000e+00
0.000000000000000000e+00
0.000000000000000000e+00
0.000000000000000000e+00
6.919514355226271937e-310
-1.460648189560798316e-104
0.000000000000000000e+00
0.000000000000000000e+00
0.000000000000000000e+00
0.000000000000000000e+00
0.000000000000000000e+00
0.000000000000000000e+00
0.000000000000000000e+00
0.000000000000000000e+00
0.000000000000000000e+00
0.000000000000000000e+00
6.919514411598766875e-310
7.198249075152342275e-246
0.000000000000000000e+00
0.000000000000000000e+00
6.919514371422139060e-310
-1.351250643608249441e+48
0.000000000000000000e+00
0.000000000000000000e+00
0.000000000000000000e+00
0.000000000000000000e+00
0.000000000000000000e+00
0.000000000000000000e+00
0.000000000000000000e+00
0.000000000000000000e+00
0.000000000000000000e+00
0.000000000000000000e+00
0.000000000000000000e+00
0.000000000000000000e+00
0.000000000000000000e+00
0.000000000000000000e+00
6.919514411527621422e-310
-1.726895839360876073e+211
6.919514355214414361e-310
2.739216838568542935e-11
6.919514410073092160e-310
3.599280531392071618e+165
0.000000000000000000e+00
0.000000000000000000e+00
0.000000000000000000e+00
0.000000000000000000e+00
0.000000000000000000e+00
0.000000000000000000e+00
0.000000000000000000e+00
0.000000000000000000e+00
0.000000000000000000e+00
0.000000000000000000e+00
6.919514411698370509e-310
1.279385995465346129e-14
6.919514410062025090e-310
9.947766617512882830e-68
0.000000000000000000e+00
0.000000000000000000e+00
6.919531828342416698e-310
-1.242034370550953755e+238
0.000000000000000000e+00
0.000000000000000000e+00
0.000000000000000000e+00
0.000000000000000000e+00
6.919514355230224462e-310
-4.610111946016631965e-236
6.919514371241903912e-310
4.982186292973865866e-146
6.919514371393680879e-310
1.095828759913213787e-302
0.000000000000000000e+00
0.000000000000000000e+00
6.919514412013782017e-310
-1.474266970887162286e-85
0.000000000000000000e+00
0.000000000000000000e+00
6.919514411631968086e-310
-8.670395836890876255e+305
0.000000000000000000e+00
0.000000000000000000e+00
0.000000000000000000e+00
0.000000000000000000e+00
0.000000000000000000e+00
0.000000000000000000e+00
6.919514371327278456e-310
-2.012640629898791990e-49
0.000000000000000000e+00
0.000000000000000000e+00
0.000000000000000000e+00
0.000000000000000000e+00
6.919514404643903591e-310
-1.019792197283656403e-32
6.919514411508649301e-310
1.174165801164494266e-64
6.919514371294077245e-310
8.787843979434811744e+138
6.919514345405037402e-310
2.198931778756000846e-216
0.000000000000000000e+00
0.000000000000000000e+00
6.919514371365222698e-310
-6.065417223805231295e-63
6.919514371256133003e-310
-1.253444838228299864e-224
6.919514501137690992e-310
2.148310731015592768e-07
6.919514371379451788e-310
-4.263015750543310914e-135
0.000000000000000000e+00
0.000000000000000000e+00
0.000000000000000000e+00
0.000000000000000000e+00
0.000000000000000000e+00
0.000000000000000000e+00
0.000000000000000000e+00
0.000000000000000000e+00
0.000000000000000000e+00
0.000000000000000000e+00
6.919514550901563851e-310
1.059116422649865571e-204
0.000000000000000000e+00
0.000000000000000000e+00
0.000000000000000000e+00
0.000000000000000000e+00
0.000000000000000000e+00
0.000000000000000000e+00
0.000000000000000000e+00
0.000000000000000000e+00
0.000000000000000000e+00
0.000000000000000000e+00
0.000000000000000000e+00
0.000000000000000000e+00
6.919514411608252935e-310
-5.379821949510329250e+138
6.919514411655683237e-310
-1.256720329121720374e-169
6.919514371412653000e-310
1.091191475602634321e+295
6.919514373670335375e-310
-8.926691533613567582e+262
6.919514406492104359e-310
-2.057216999459191298e-73
0.000000000000000000e+00
0.000000000000000000e+00
0.000000000000000000e+00
0.000000000000000000e+00
6.919514411603509905e-310
-1.509881810316671122e-06
6.919514371398423909e-310
8.776390720760803320e-269
0.000000000000000000e+00
0.000000000000000000e+00
6.919514501317926139e-310
1.168554044801830447e+95
6.919514371417396030e-310
-1.171712511315040326e+130
0.000000000000000000e+00
0.000000000000000000e+00
6.919514406416215876e-310
8.905954961804831102e+228
0.000000000000000000e+00
0.000000000000000000e+00
0.000000000000000000e+00
0.000000000000000000e+00
0.000000000000000000e+00
0.000000000000000000e+00
0.000000000000000000e+00
0.000000000000000000e+00
0.000000000000000000e+00
0.000000000000000000e+00
6.919514411589280814e-310
-8.277039499321287344e-139
6.919514411532364452e-310
2.317157574785770082e+188
0.000000000000000000e+00
0.000000000000000000e+00
6.919514411660426267e-310
2.980334319831726576e-170
6.919514412075441410e-310
-1.002887291200210435e-182
6.919514371369965728e-310
-3.360625681001349471e-120
0.000000000000000000e+00
0.000000000000000000e+00
0.000000000000000000e+00
0.000000000000000000e+00
0.000000000000000000e+00
0.000000000000000000e+00
0.000000000000000000e+00
0.000000000000000000e+00
6.919514550910259406e-310
-1.976919315756712042e-88
6.919514411674655358e-310
2.837909081152629107e+07
6.919531961480855424e-310
5.176266318211395127e+290
6.919514366898869259e-310
1.527536584846048143e-205
6.919514550927650517e-310
7.502254286955254168e-84
6.919514412363185242e-310
-4.108651291106709797e+182
6.919514411594023845e-310
1.334912922057154831e-276
0.000000000000000000e+00
0.000000000000000000e+00
0.000000000000000000e+00
0.000000000000000000e+00
6.919514412003505452e-310
6.350972632566204270e+91
6.919514345382903262e-310
7.425189664362635669e+263
6.919514411570308694e-310
3.447489028107751567e+189
0.000000000000000000e+00
0.000000000000000000e+00
0.000000000000000000e+00
0.000000000000000000e+00
6.919514501308440079e-310
-2.165234161356809468e+304
6.919514411684141418e-310
5.498478337870075469e-271
0.000000000000000000e+00
0.000000000000000000e+00
0.000000000000000000e+00
0.000000000000000000e+00
0.000000000000000000e+00
0.000000000000000000e+00
0.000000000000000000e+00
0.000000000000000000e+00
6.919514412044611714e-310
3.927708066317927500e-303
0.000000000000000000e+00
0.000000000000000000e+00
6.919514406435187997e-310
-3.010125885184093451e-252
6.919514411693627479e-310
1.741361193491954635e+53
6.919514501270495837e-310
3.541653462761667177e+212
0.000000000000000000e+00
0.000000000000000000e+00
0.000000000000000000e+00
0.000000000000000000e+00
0.000000000000000000e+00
0.000000000000000000e+00
6.919514355198604261e-310
-1.407003401502042004e+295
0.000000000000000000e+00
0.000000000000000000e+00
0.000000000000000000e+00
0.000000000000000000e+00
0.000000000000000000e+00
0.000000000000000000e+00
0.000000000000000000e+00
0.000000000000000000e+00
0.000000000000000000e+00
0.000000000000000000e+00
0.000000000000000000e+00
0.000000000000000000e+00
6.919514411622482026e-310
4.121004205597315131e-195
6.919514345388436797e-310
-1.128235083504125809e-218
0.000000000000000000e+00
0.000000000000000000e+00
0.000000000000000000e+00
0.000000000000000000e+00
0.000000000000000000e+00
0.000000000000000000e+00
0.000000000000000000e+00
0.000000000000000000e+00
0.000000000000000000e+00
0.000000000000000000e+00
0.000000000000000000e+00
0.000000000000000000e+00
0.000000000000000000e+00
0.000000000000000000e+00
0.000000000000000000e+00
0.000000000000000000e+00
6.919514412085717975e-310
3.295842281120720392e-87
6.919514412373461807e-310
-4.872785854892321973e-100
0.000000000000000000e+00
0.000000000000000000e+00
0.000000000000000000e+00
0.000000000000000000e+00
0.000000000000000000e+00
0.000000000000000000e+00
0.000000000000000000e+00
0.000000000000000000e+00
6.919514371407909969e-310
5.288722015871223045e-39
6.919514411522878392e-310
-1.506550717651161744e-280
6.919514371251389973e-310
8.488583121225080409e-132
6.919514366906774310e-310
3.525238931380072027e+121
6.919514501156663113e-310
-1.181966181961933624e+156
0.000000000000000000e+00
0.000000000000000000e+00
0.000000000000000000e+00
0.000000000000000000e+00
6.919514411579794754e-310
-8.026046146029198425e+213
0.000000000000000000e+00
0.000000000000000000e+00
0.000000000000000000e+00
0.000000000000000000e+00
0.000000000000000000e+00
0.000000000000000000e+00
6.919514412054888279e-310
4.975426559807716440e-08
0.000000000000000000e+00
0.000000000000000000e+00
0.000000000000000000e+00
0.000000000000000000e+00
0.000000000000000000e+00
0.000000000000000000e+00
0.000000000000000000e+00
0.000000000000000000e+00
6.919514411627225056e-310
8.725555632004002264e+275
6.919514400226561465e-310
-5.621864680069793312e-269
0.000000000000000000e+00
0.000000000000000000e+00
0.000000000000000000e+00
0.000000000000000000e+00
0.000000000000000000e+00
0.000000000000000000e+00
0.000000000000000000e+00
0.000000000000000000e+00
0.000000000000000000e+00
0.000000000000000000e+00
0.000000000000000000e+00
0.000000000000000000e+00
0.000000000000000000e+00
0.000000000000000000e+00
0.000000000000000000e+00
0.000000000000000000e+00
0.000000000000000000e+00
0.000000000000000000e+00
0.000000000000000000e+00
0.000000000000000000e+00
0.000000000000000000e+00
0.000000000000000000e+00
0.000000000000000000e+00
0.000000000000000000e+00
0.000000000000000000e+00
0.000000000000000000e+00
0.000000000000000000e+00
0.000000000000000000e+00
6.919514371384194818e-310
-2.311310268681360966e-83
0.000000000000000000e+00
0.000000000000000000e+00
0.000000000000000000e+00
0.000000000000000000e+00
6.919514550884172740e-310
7.087627332494659276e-76
0.000000000000000000e+00
0.000000000000000000e+00
0.000000000000000000e+00
0.000000000000000000e+00
0.000000000000000000e+00
0.000000000000000000e+00
0.000000000000000000e+00
0.000000000000000000e+00
0.000000000000000000e+00
0.000000000000000000e+00
0.000000000000000000e+00
0.000000000000000000e+00
6.919514411584537784e-310
8.450560908335628885e-99
0.000000000000000000e+00
0.000000000000000000e+00
0.000000000000000000e+00
0.000000000000000000e+00
6.919514371346250577e-310
-1.156385751054816983e+60
6.919514411513392331e-310
-3.318815936703055790e+21
6.919514371284591184e-310
4.379416371738585749e+120
6.919514371317792396e-310
-7.876295377839508017e+303
0.000000000000000000e+00
0.000000000000000000e+00
0.000000000000000000e+00
0.000000000000000000e+00
0.000000000000000000e+00
0.000000000000000000e+00
0.000000000000000000e+00
0.000000000000000000e+00
0.000000000000000000e+00
0.000000000000000000e+00
6.919514411556079603e-310
8.436213415403300530e-90
6.919514412394014938e-310
-6.991622579401759258e-264
0.000000000000000000e+00
0.000000000000000000e+00
6.919514366930489461e-310
-1.856649395703450041e+76
0.000000000000000000e+00
0.000000000000000000e+00
0.000000000000000000e+00
0.000000000000000000e+00
0.000000000000000000e+00
0.000000000000000000e+00
0.000000000000000000e+00
0.000000000000000000e+00
0.000000000000000000e+00
0.000000000000000000e+00
0.000000000000000000e+00
0.000000000000000000e+00
0.000000000000000000e+00
0.000000000000000000e+00
6.919514367017445014e-310
1.278980159871773104e-95
0.000000000000000000e+00
0.000000000000000000e+00
0.000000000000000000e+00
0.000000000000000000e+00
0.000000000000000000e+00
0.000000000000000000e+00
0.000000000000000000e+00
0.000000000000000000e+00
6.919514501279981898e-310
-4.634148915838040105e+281
0.000000000000000000e+00
0.000000000000000000e+00
6.919514501147177052e-310
-3.107546869928978370e-131
0.000000000000000000e+00
0.000000000000000000e+00
0.000000000000000000e+00
0.000000000000000000e+00
0.000000000000000000e+00
0.000000000000000000e+00
0.000000000000000000e+00
0.000000000000000000e+00
0.000000000000000000e+00
0.000000000000000000e+00
6.919514371341507547e-310
-2.119229435065877545e+38
0.000000000000000000e+00
0.000000000000000000e+00
0.000000000000000000e+00
0.000000000000000000e+00
6.919531837513856095e-310
-1.376881590734247482e-127
6.919514371308306335e-310
3.096192056888297109e+38
6.919514355234176987e-310
-1.385894913081137940e-23
6.919514550892868296e-310
-3.683691442405959652e+168
6.919514355404135569e-310
-1.195523275865392038e-35
0.000000000000000000e+00
0.000000000000000000e+00
6.919514371360479667e-310
4.007247132672747915e+94
6.919514366914679360e-310
2.357605902912858129e+07
0.000000000000000000e+00
0.000000000000000000e+00
0.000000000000000000e+00
0.000000000000000000e+00
0.000000000000000000e+00
0.000000000000000000e+00
0.000000000000000000e+00
0.000000000000000000e+00
0.000000000000000000e+00
0.000000000000000000e+00
6.919514345393970332e-310
3.953919674188394502e+208
0.000000000000000000e+00
0.000000000000000000e+00
0.000000000000000000e+00
0.000000000000000000e+00
6.919514371332021486e-310
7.665813936262742249e+259
0.000000000000000000e+00
0.000000000000000000e+00
0.000000000000000000e+00
0.000000000000000000e+00
0.000000000000000000e+00
0.000000000000000000e+00
0.000000000000000000e+00
0.000000000000000000e+00
0.000000000000000000e+00
0.000000000000000000e+00
0.000000000000000000e+00
0.000000000000000000e+00
0.000000000000000000e+00
0.000000000000000000e+00
0.000000000000000000e+00
0.000000000000000000e+00
6.919514411993228886e-310
2.122104720761728004e+69
6.919514411665169298e-310
-8.985711198863445026e-200
6.919514366922584410e-310
-4.590358698343783945e+53
0.000000000000000000e+00
0.000000000000000000e+00
0.000000000000000000e+00
0.000000000000000000e+00
0.000000000000000000e+00
0.000000000000000000e+00
0.000000000000000000e+00
0.000000000000000000e+00
0.000000000000000000e+00
0.000000000000000000e+00
6.919514411636711116e-310
-6.309862257819161694e+84
0.000000000000000000e+00
0.000000000000000000e+00
0.000000000000000000e+00
0.000000000000000000e+00
0.000000000000000000e+00
0.000000000000000000e+00
6.919514410050958019e-310
-8.882317067594363390e+27
6.919514371303563305e-310
-3.301530571538707154e-61
0.000000000000000000e+00
0.000000000000000000e+00
6.919514550918954962e-310
9.308295675400829515e-04
0.000000000000000000e+00
0.000000000000000000e+00
6.919514411612995965e-310
7.584429553547505389e-12
6.919514411646197177e-310
-4.869985514787498934e+116
6.919514477888147456e-310
-1.718752147249814133e+134
0.000000000000000000e+00
0.000000000000000000e+00
0.000000000000000000e+00
0.000000000000000000e+00
0.000000000000000000e+00
0.000000000000000000e+00
0.000000000000000000e+00
0.000000000000000000e+00
6.919514501128204931e-310
3.567527985275577137e+279
0.000000000000000000e+00
0.000000000000000000e+00
0.000000000000000000e+00
0.000000000000000000e+00
6.919514411641454147e-310
4.361978878601591592e+122
6.919531828290243366e-310
5.616446950941702668e+37
0.000000000000000000e+00
0.000000000000000000e+00
6.919514371289334214e-310
-2.041058147510304190e-191
6.919514411707856569e-310
-1.210538938911048709e+147
0.000000000000000000e+00
0.000000000000000000e+00
6.919531826594610069e-310
1.077604939389928011e+06
0.000000000000000000e+00
0.000000000000000000e+00
6.919514411546593543e-310
7.404699594836797526e-190
6.919514355194651735e-310
6.681385863798443713e-196
0.000000000000000000e+00
0.000000000000000000e+00
0.000000000000000000e+00
0.000000000000000000e+00
0.000000000000000000e+00
0.000000000000000000e+00
0.000000000000000000e+00
0.000000000000000000e+00
0.000000000000000000e+00
0.000000000000000000e+00
0.000000000000000000e+00
0.000000000000000000e+00
6.919514371322535426e-310
2.426300681398117578e+229
0.000000000000000000e+00
0.000000000000000000e+00
6.919514412065164844e-310
1.980658695037666918e+20
0.000000000000000000e+00
0.000000000000000000e+00
0.000000000000000000e+00
0.000000000000000000e+00
0.000000000000000000e+00
0.000000000000000000e+00
0.000000000000000000e+00
0.000000000000000000e+00
6.919514406530048601e-310
3.230523206268825208e-255
0.000000000000000000e+00
0.000000000000000000e+00
0.000000000000000000e+00
0.000000000000000000e+00
0.000000000000000000e+00
0.000000000000000000e+00
6.919531828351902758e-310
-3.627885721206009297e+208
0.000000000000000000e+00
0.000000000000000000e+00
6.919514550858086074e-310
1.755481489950619614e+208
0.000000000000000000e+00
0.000000000000000000e+00
0.000000000000000000e+00
0.000000000000000000e+00
0.000000000000000000e+00
0.000000000000000000e+00
6.919514367009539964e-310
-5.060161198662374551e+198
0.000000000000000000e+00
0.000000000000000000e+00
0.000000000000000000e+00
0.000000000000000000e+00
0.000000000000000000e+00
0.000000000000000000e+00
6.919514355218366886e-310
3.191594109234269306e-197
0.000000000000000000e+00
0.000000000000000000e+00
0.000000000000000000e+00
0.000000000000000000e+00
6.919514411703113539e-310
1.191496888932711366e-154
0.000000000000000000e+00
0.000000000000000000e+00
0.000000000000000000e+00
0.000000000000000000e+00
0.000000000000000000e+00
0.000000000000000000e+00
0.000000000000000000e+00
0.000000000000000000e+00
0.000000000000000000e+00
0.000000000000000000e+00
0.000000000000000000e+00
0.000000000000000000e+00
0.000000000000000000e+00
0.000000000000000000e+00
6.919514355242082037e-310
-2.100531479486384303e-229
6.919514371270362094e-310
4.533881251250587693e-243
0.000000000000000000e+00
0.000000000000000000e+00
0.000000000000000000e+00
0.000000000000000000e+00
6.919514412383738373e-310
1.413668708068249259e+102
0.000000000000000000e+00
0.000000000000000000e+00
6.919514412024058583e-310
1.811187928956142689e+41
0.000000000000000000e+00
0.000000000000000000e+00
0.000000000000000000e+00
0.000000000000000000e+00
0.000000000000000000e+00
0.000000000000000000e+00
0.000000000000000000e+00
0.000000000000000000e+00
0.000000000000000000e+00
0.000000000000000000e+00
0.000000000000000000e+00
0.000000000000000000e+00
0.000000000000000000e+00
0.000000000000000000e+00
6.919514501261009777e-310
7.346426130043773353e+07
0.000000000000000000e+00
0.000000000000000000e+00
0.000000000000000000e+00
0.000000000000000000e+00
0.000000000000000000e+00
0.000000000000000000e+00
6.919514400248695606e-310
-1.729064093197552571e-225
