6.921791527658044229e-310
-2.373694898070721544e+263
0.000000000000000000e+00
0.000000000000000000e+00
6.921791554459326880e-310
-3.531074052815726558e+208
6.921791549983487381e-310
-2.900610472019242267e-263
6.921791554336008094e-310
5.889705499801177325e+172
6.921791556754953496e-310
-1.152962461304767763e+272
0.000000000000000000e+00
0.000000000000000000e+00
6.921791685164591113e-310
-3.009378431209223526e+118
0.000000000000000000e+00
0.000000000000000000e+00
0.000000000000000000e+00
0.000000000000000000e+00
0.000000000000000000e+00
0.000000000000000000e+00
6.921791554497271121e-310
3.339390296583138791e-49
6.921791554331265064e-310
-1.074135981127293536e+73
6.921791733934008640e-310
6.714935379591964484e+42
6.921791554449840819e-310
-4.517320894090851620e-192
0.000000000000000000e+00
0.000000000000000000e+00
0.000000000000000000e+00
0.000000000000000000e+00
6.921791595450174879e-310
-1.486235432410203261e+86
0.000000000000000000e+00
0.000000000000000000e+00
0.000000000000000000e+00
0.000000000000000000e+00
0.000000000000000000e+00
0.000000000000000000e+00
0.000000000000000000e+00
0.000000000000000000e+00
0.000000000000000000e+00
0.000000000000000000e+00
6.921791590322959232e-310
-3.836162595231926391e+146
6.921791554388181427e-310
6.724099046874062264e+240
6.921791595564007604e-310
-2.666184244037378622e-132
6.921791554483042031e-310
1.081599386720929247e+107
6.921791734012268639e-310
-7.044269878101415090e-185
0.000000000000000000e+00
0.000000000000000000e+00
0.000000000000000000e+00
0.000000000000000000e+00
6.921791595507091241e-310
2.622648000409206344e+42
0.000000000000000000e+00
0.000000000000000000e+00
0.000000000000000000e+00
0.000000000000000000e+00
0.000000000000000000e+00
0.000000000000000000e+00
6.921791588526141292e-310
-9.883930786725226205e-119
6.921791554397667487e-310
-2.505155344631942084e-64
6.921791538287174907e-310
7.967595638615680437e+82
0.000000000000000000e+00
0.000000000000000000e+00
0.000000000000000000e+00
0.000000000000000000e+00
0.000000000000000000e+00
0.000000000000000000e+00
0.000000000000000000e+00
0.000000000000000000e+00
6.921791538302985008e-310
-5.725415534531769570e-173
0.000000000000000000e+00
0.000000000000000000e+00
0.000000000000000000e+00
0.000000000000000000e+00
0.000000000000000000e+00
0.000000000000000000e+00
0.000000000000000000e+00
0.000000000000000000e+00
6.921791595459660939e-310
-1.418982378004179488e+302
0.000000000000000000e+00
0.000000000000000000e+00
0.000000000000000000e+00
0.000000000000000000e+00
0.000000000000000000e+00
0.000000000000000000e+00
0.000000000000000000e+00
0.000000000000000000e+00
0.000000000000000000e+00
0.000000000000000000e+00
0.000000000000000000e+00
0.000000000000000000e+00
0.000000000000000000e+00
0.000000000000000000e+00
0.000000000000000000e+00
0.000000000000000000e+00
0.000000000000000000e+00
0.000000000000000000e+00
6.921791685050758388e-310
-2.458181822058195692e+275
6.921791595597208815e-310
-2.155015849323711286e+60
0.000000000000000000e+00
0.000000000000000000e+00
6.921791527663577764e-310
-5.299798819783503428e+172
0.000000000000000000e+00
0.000000000000000000e+00
6.921809069486467499e-310
1.382849249210161248e+223
0.000000000000000000e+00
0.000000000000000000e+00
0.000000000000000000e+00
0.000000000000000000e+00
6.921791554468812940e-310
-5.026230341906661227e+176
6.921791595530806392e-310
6.926536706824726553e+59
6.921791593967187436e-310
-1.323449593962207085e-78
0.000000000000000000e+00
0.000000000000000000e+00
0.000000000000000000e+00
0.000000000000000000e+00
0.000000000000000000e+00
0.000000000000000000e+00
0.000000000000000000e+00
0.000000000000000000e+00
6.921791583311179587e-310
-1.758265568530651570e+24
0.000000000000000000e+00
0.000000000000000000e+00
0.000000000000000000e+00
0.000000000000000000e+00
0.000000000000000000e+00
0.000000000000000000e+00
0.000000000000000000e+00
0.000000000000000000e+00
0.000000000000000000e+00
0.000000000000000000e+00
0.000000000000000000e+00
0.000000000000000000e+00
0.000000000000000000e+00
0.000000000000000000e+00
6.921791554502014151e-310
6.256336113215781472e-142
0.000000000000000000e+00
0.000000000000000000e+00
0.000000000000000000e+00
0.000000000000000000e+00
0.000000000000000000e+00
0.000000000000000000e+00
6.921791554487785061e-310
2.311183041933998412e-223
0.000000000000000000e+00
0.000000000000000000e+00
0.000000000000000000e+00
0.000000000000000000e+00
0.000000000000000000e+00
0.000000000000000000e+00
0.000000000000000000e+00
0.000000000000000000e+00
0.000000000000000000e+00
0.000000000000000000e+00
0.000000000000000000e+00
0.000000000000000000e+00
0.000000000000000000e+00
0.000000000000000000e+00
0.000000000000000000e+00
0.000000000000000000e+00
0.000000000000000000e+00
0.000000000000000000e+00
0.000000000000000000e+00
0.000000000000000000e+00
0.000000000000000000e+00
0.000000000000000000e+00
0.000000000000000000e+00
0.000000000000000000e+00
6.921791550086253035e-310
1.198172046145830387e-182
0.000000000000000000e+00
0.000000000000000000e+00
0.000000000000000000e+00
0.000000000000000000e+00
6.921791595887324162e-310
-7.385017116451418355e+97
0.000000000000000000e+00
0.000000000000000000e+00
0.000000000000000000e+00
0.000000000000000000e+00
0.000000000000000000e+00
0.000000000000000000e+00
6.921791595516577302e-310
-2.883649648204137978e-47
6.921791685155105053e-310
-1.472335251801284981e+51
0.000000000000000000e+00
0.000000000000000000e+00
0.000000000000000000e+00
0.000000000000000000e+00
6.921791595540292453e-310
6.174127181380348109e-23
0.000000000000000000e+00
0.000000000000000000e+00
0.000000000000000000e+00
0.000000000000000000e+00
0.000000000000000000e+00
0.000000000000000000e+00
0.000000000000000000e+00
0.000000000000000000e+00
0.000000000000000000e+00
0.000000000000000000e+00
0.000000000000000000e+00
0.000000000000000000e+00
6.921791595454917909e-310
2.177810697078229766e+50
6.921808996804272713e-310
7.127863778425972552e+264
6.921791554326522034e-310
2.894399239265625193e+184
6.921791596277833649e-310
-7.731867670820674707e-280
0.000000000000000000e+00
0.000000000000000000e+00
0.000000000000000000e+00
0.000000000000000000e+00
6.921791595488119120e-310
3.482290317550427392e-306
6.921791554407153547e-310
8.810860225257174905e-258
6.921791593945053295e-310
-1.026132219992179186e+269
0.000000000000000000e+00
0.000000000000000000e+00
6.921791595969536686e-310
-2.827543398685206397e-124
6.921791595421716698e-310
2.755485007474457105e-267
6.921791595431202758e-310
-3.622443528235029868e-84
6.921791538279269857e-310
-6.071158912331688787e+85
6.921791554445097789e-310
8.374899846963687494e+259
0.000000000000000000e+00
0.000000000000000000e+00
0.000000000000000000e+00
0.000000000000000000e+00
0.000000000000000000e+00
0.000000000000000000e+00
0.000000000000000000e+00
0.000000000000000000e+00
6.921791595521320332e-310
1.396544078521991968e-297
6.921791538275317332e-310
1.926758914124748006e-98
0.000000000000000000e+00
0.000000000000000000e+00
0.000000000000000000e+00
0.000000000000000000e+00
6.921791595402744577e-310
-2.675636068592725760e+17
0.000000000000000000e+00
0.000000000000000000e+00
6.921791595445431849e-310
-7.541146415826748777e+144
0.000000000000000000e+00
0.000000000000000000e+00
6.921791554430868698e-310
-4.051721666456350053e-92
6.921791595545035483e-310
-6.359857345502579689e+09
0.000000000000000000e+00
0.000000000000000000e+00
0.000000000000000000e+00
0.000000000000000000e+00
0.000000000000000000e+00
0.000000000000000000e+00
0.000000000000000000e+00
0.000000000000000000e+00
0.000000000000000000e+00
0.000000000000000000e+00
0.000000000000000000e+00
0.000000000000000000e+00
6.921791550102063136e-310
1.502523566320540478e-148
6.921791538295079958e-310
-4.081614368074212105e-168
0.000000000000000000e+00
0.000000000000000000e+00
6.921791596267557083e-310
-6.230848771051322023e+71
0.000000000000000000e+00
0.000000000000000000e+00
0.000000000000000000e+00
0.000000000000000000e+00
0.000000000000000000e+00
0.000000000000000000e+00
0.000000000000000000e+00
0.000000000000000000e+00
6.921809106194359227e-310
3.639374619324295361e+78
0.000000000000000000e+00
0.000000000000000000e+00
6.921791590424143877e-310
1.903816768296658464e-295
0.000000000000000000e+00
0.000000000000000000e+00
0.000000000000000000e+00
0.000000000000000000e+00
6.921791685202535355e-310
-2.693501491144402005e-39
6.921791527680178370e-310
1.739781063339025894e+283
6.921809049157840061e-310
-2.350035497192012014e+221
0.000000000000000000e+00
0.000000000000000000e+00
0.000000000000000000e+00
0.000000000000000000e+00
6.921791554416639608e-310
-1.130390038467230244e-29
6.921791595568750634e-310
-7.100135760686685414e-86
0.000000000000000000e+00
0.000000000000000000e+00
0.000000000000000000e+00
0.000000000000000000e+00
6.921791595435945788e-310
1.345829954509960239e+107
0.000000000000000000e+00
0.000000000000000000e+00
0.000000000000000000e+00
0.000000000000000000e+00
0.000000000000000000e+00
0.000000000000000000e+00
0.000000000000000000e+00
0.000000000000000000e+00
0.000000000000000000e+00
0.000000000000000000e+00
6.921791685022300207e-310
3.207098919759068029e+201
0.000000000000000000e+00
0.000000000000000000e+00
0.000000000000000000e+00
0.000000000000000000e+00
0.000000000000000000e+00
0.000000000000000000e+00
0.000000000000000000e+00
0.000000000000000000e+00
0.000000000000000000e+00
0.000000000000000000e+00
0.000000000000000000e+00
0.000000000000000000e+00
0.000000000000000000e+00
0.000000000000000000e+00
6.921791549975582330e-310
5.015015548703227878e+22
6.921791685012814147e-310
-1.612801992183480014e+45
0.000000000000000000e+00
0.000000000000000000e+00
0.000000000000000000e+00
0.000000000000000000e+00
0.000000000000000000e+00
0.000000000000000000e+00
0.000000000000000000e+00
0.000000000000000000e+00
0.000000000000000000e+00
0.000000000000000000e+00
0.000000000000000000e+00
0.000000000000000000e+00
6.921791595979813251e-310
-1.653037881209978659e+245
6.921791583333313728e-310
6.159755872673832439e-149
0.000000000000000000e+00
0.000000000000000000e+00
0.000000000000000000e+00
0.000000000000000000e+00
0.000000000000000000e+00
0.000000000000000000e+00
6.921791595473890030e-310
-3.279849341614003792e+55
6.921791685031786268e-310
1.150363934534423383e-40
6.921791552747883482e-310
7.027078246481805740e+186
0.000000000000000000e+00
0.000000000000000000e+00
0.000000000000000000e+00
0.000000000000000000e+00
0.000000000000000000e+00
0.000000000000000000e+00
6.921809061213041820e-310
2.384104884908732478e-291
0.000000000000000000e+00
0.000000000000000000e+00
6.921791554350237185e-310
7.484346267213515950e+80
0.000000000000000000e+00
0.000000000000000000e+00
0.000000000000000000e+00
0.000000000000000000e+00
0.000000000000000000e+00
0.000000000000000000e+00
0.000000000000000000e+00
0.000000000000000000e+00
0.000000000000000000e+00
0.000000000000000000e+00
0.000000000000000000e+00
0.000000000000000000e+00
6.921791590310311152e-310
-3.687972614554266930e+08
0.000000000000000000e+00
0.000000000000000000e+00
0.000000000000000000e+00
0.000000000000000000e+00
0.000000000000000000e+00
0.000000000000000000e+00
0.000000000000000000e+00
0.000000000000000000e+00
0.000000000000000000e+00
0.000000000000000000e+00
6.921791595440688818e-310
4.368072626567185480e+209
0.000000000000000000e+00
0.000000000000000000e+00
0.000000000000000000e+00
0.000000000000000000e+00
0.000000000000000000e+00
0.000000000000000000e+00
0.000000000000000000e+00
0.000000000000000000e+00
0.000000000000000000e+00
0.000000000000000000e+00
6.921809376654589316e-310
3.495807256423482929e+165
0.000000000000000000e+00
0.000000000000000000e+00
6.921791595535549422e-310
-1.942413245833931728e+279
0.000000000000000000e+00
0.000000000000000000e+00
0.000000000000000000e+00
0.000000000000000000e+00
6.921791595478633060e-310
-1.833313801792240435e-308
6.921808996856446045e-310
-3.508996242684904697e-240
0.000000000000000000e+00
0.000000000000000000e+00
6.921791733838357531e-310
2.696104621837045813e-194
0.000000000000000000e+00
0.000000000000000000e+00
6.921791595469147000e-310
9.660018428277425398e+102
0.000000000000000000e+00
0.000000000000000000e+00
0.000000000000000000e+00
0.000000000000000000e+00
0.000000000000000000e+00
0.000000000000000000e+00
0.000000000000000000e+00
0.000000000000000000e+00
0.000000000000000000e+00
0.000000000000000000e+00
6.921791661782242732e-310
-3.763136791948036977e-38
6.921791595492862151e-310
7.945075472559089437e-272
0.000000000000000000e+00
0.000000000000000000e+00
0.000000000000000000e+00
0.000000000000000000e+00
0.000000000000000000e+00
0.000000000000000000e+00
0.000000000000000000e+00
0.000000000000000000e+00
0.000000000000000000e+00
0.000000000000000000e+00
0.000000000000000000e+00
0.000000000000000000e+00
0.000000000000000000e+00
0.000000000000000000e+00
0.000000000000000000e+00
0.000000000000000000e+00
0.000000000000000000e+00
0.000000000000000000e+00
0.000000000000000000e+00
0.000000000000000000e+00
0.000000000000000000e+00
0.000000000000000000e+00
6.921791595948983555e-310
-1.276456275940212094e+109
0.000000000000000000e+00
0.000000000000000000e+00
0.000000000000000000e+00
0.000000000000000000e+00
0.000000000000000000e+00
0.000000000000000000e+00
0.000000000000000000e+00
0.000000000000000000e+00
0.000000000000000000e+00
0.000000000000000000e+00
0.000000000000000000e+00
0.000000000000000000e+00
0.000000000000000000e+00
0.000000000000000000e+00
0.000000000000000000e+00
0.000000000000000000e+00
0.000000000000000000e+00
0.000000000000000000e+00
6.921791661832044549e-310
-3.844513549481512566e-237
0.000000000000000000e+00
0.000000000000000000e+00
0.000000000000000000e+00
0.000000000000000000e+00
0.000000000000000000e+00
0.000000000000000000e+00
6.921791554473555970e-310
5.980646863346942551e-149
0.000000000000000000e+00
0.000000000000000000e+00
6.921791527669111299e-310
2.340857311299885881e+212
6.921791595464403969e-310
-2.565523838562693366e-65
6.921791590417819836e-310
-4.586902492261640810e+153
6.921791554440354759e-310
-7.390127028474313589e-209
0.000000000000000000e+00
0.000000000000000000e+00
6.921791538283222382e-310
3.898609916803074061e-302
6.921791554359723245e-310
2.143636297315634810e+229
6.921791733960095306e-310
6.715889294446677961e-227
0.000000000000000000e+00
0.000000000000000000e+00
0.000000000000000000e+00
0.000000000000000000e+00
0.000000000000000000e+00
0.000000000000000000e+00
0.000000000000000000e+00
0.000000000000000000e+00
0.000000000000000000e+00
0.000000000000000000e+00
0.000000000000000000e+00
0.000000000000000000e+00
0.000000000000000000e+00
0.000000000000000000e+00
0.000000000000000000e+00
0.000000000000000000e+00
6.921791550094158085e-310
-4.294555250290108837e+115
0.000000000000000000e+00
0.000000000000000000e+00
0.000000000000000000e+00
0.000000000000000000e+00
6.921791685041272328e-310
-6.140825762060207495e-269
0.000000000000000000e+00
0.000000000000000000e+00
6.921791685212021415e-310
-2.500468993262002706e+78
0.000000000000000000e+00
0.000000000000000000e+00
6.921791549991392431e-310
-2.347494000794273584e-284
0.000000000000000000e+00
0.000000000000000000e+00
0.000000000000000000e+00
0.000000000000000000e+00
0.000000000000000000e+00
0.000000000000000000e+00
0.000000000000000000e+00
0.000000000000000000e+00
6.921791595416973667e-310
1.615154402331709530e+150
0.000000000000000000e+00
0.000000000000000000e+00
0.000000000000000000e+00
0.000000000000000000e+00
0.000000000000000000e+00
0.000000000000000000e+00
0.000000000000000000e+00
0.000000000000000000e+00
6.921791595938706989e-310
4.783937113038744730e+177
6.921791595511834271e-310
5.124412610370460500e-163
6.921791595959260120e-310
3.385128105793025127e+219
0.000000000000000000e+00
0.000000000000000000e+00
0.000000000000000000e+00
0.000000000000000000e+00
0.000000000000000000e+00
0.000000000000000000e+00
0.000000000000000000e+00
0.000000000000000000e+00
0.000000000000000000e+00
0.000000000000000000e+00
0.000000000000000000e+00
0.000000000000000000e+00
0.000000000000000000e+00
0.000000000000000000e+00
0.000000000000000000e+00
0.000000000000000000e+00
0.000000000000000000e+00
0.000000000000000000e+00
6.921791595587722755e-310
3.425749796282899591e+98
0.000000000000000000e+00
0.000000000000000000e+00
6.921791550015107582e-310
-2.283851833363385614e+206
0.000000000000000000e+00
0.000000000000000000e+00
6.921809038315273024e-310
-3.912225444249670778e-96
0.000000000000000000e+00
0.000000000000000000e+00
0.000000000000000000e+00
0.000000000000000000e+00
0.000000000000000000e+00
0.000000000000000000e+00
0.000000000000000000e+00
0.000000000000000000e+00
0.000000000000000000e+00
0.000000000000000000e+00
0.000000000000000000e+00
0.000000000000000000e+00
0.000000000000000000e+00
0.000000000000000000e+00
6.921791588537998867e-310
9.135019064207383278e-45
0.000000000000000000e+00
0.000000000000000000e+00
6.921791685174077174e-310
2.009717608242689231e-301
6.921791595426459728e-310
1.909380075299610919e-34
0.000000000000000000e+00
0.000000000000000000e+00
0.000000000000000000e+00
0.000000000000000000e+00
0.000000000000000000e+00
0.000000000000000000e+00
0.000000000000000000e+00
0.000000000000000000e+00
6.921791595559264573e-310
-7.576251235675743285e-250
0.000000000000000000e+00
0.000000000000000000e+00
6.921809107270236577e-310
-1.130226156995592646e+03
6.921791595928430424e-310
-7.870464792935091050e+24
0.000000000000000000e+00
0.000000000000000000e+00
6.921791554464069910e-310
-1.773242847544225552e+168
6.921791554435611729e-310
6.957287551874635933e-276
0.000000000000000000e+00
0.000000000000000000e+00
6.921791554506757182e-310
-2.678070431922975719e-21
0.000000000000000000e+00
0.000000000000000000e+00
0.000000000000000000e+00
0.000000000000000000e+00
0.000000000000000000e+00
0.000000000000000000e+00
0.000000000000000000e+00
0.000000000000000000e+00
0.000000000000000000e+00
0.000000000000000000e+00
0.000000000000000000e+00
0.000000000000000000e+00
0.000000000000000000e+00
0.000000000000000000e+00
0.000000000000000000e+00
0.000000000000000000e+00
0.000000000000000000e+00
0.000000000000000000e+00
0.000000000000000000e+00
0.000000000000000000e+00
6.921791685003328086e-310
5.239209757568493700e+150
6.921791590329283273e-310
-1.826279102664575023e-233
6.921791669095204795e-310
2.531759639440566599e+08
6.921791554354980215e-310
-1.027412169778753356e+32
6.921791595578236694e-310
-4.912817472576260245e-68
0.000000000000000000e+00
0.000000000000000000e+00
6.921791554373952336e-310
8.278298951268234983e+221
0.000000000000000000e+00
0.000000000000000000e+00
0.000000000000000000e+00
0.000000000000000000e+00
6.921791550007202532e-310
-1.378590236823865477e-245
0.000000000000000000e+00
0.000000000000000000e+00
0.000000000000000000e+00
0.000000000000000000e+00
0.000000000000000000e+00
0.000000000000000000e+00
6.921791590386199635e-310
2.011504253599008335e+250
6.921791596288110214e-310
-1.739277814987634479e+163
0.000000000000000000e+00
0.000000000000000000e+00
6.921791554340751125e-310
-1.208806042829108674e+86
6.921791554345494155e-310
-9.248434939161443041e+20
0.000000000000000000e+00
0.000000000000000000e+00
6.921809069312556391e-310
1.110880375877997504e+306
0.000000000000000000e+00
0.000000000000000000e+00
0.000000000000000000e+00
0.000000000000000000e+00
0.000000000000000000e+00
0.000000000000000000e+00
0.000000000000000000e+00
0.000000000000000000e+00
0.000000000000000000e+00
0.000000000000000000e+00
0.000000000000000000e+00
0.000000000000000000e+00
0.000000000000000000e+00
0.000000000000000000e+00
6.921791554478299000e-310
-4.436285611268240370e-266
0.000000000000000000e+00
0.000000000000000000e+00
6.921808996865932105e-310
1.798547204287945839e-35
6.921791595592465785e-310
-1.830227370383966665e+133
6.921791554383438396e-310
-7.446366681444977972e-216
0.000000000000000000e+00
0.000000000000000000e+00
0.000000000000000000e+00
0.000000000000000000e+00
6.921791734003573083e-310
-1.745837018264321424e-214
0.000000000000000000e+00
0.000000000000000000e+00
0.000000000000000000e+00
0.000000000000000000e+00
0.000000000000000000e+00
0.000000000000000000e+00
6.921791595554521543e-310
3.690789219548754913e-202
6.921791554369209306e-310
6.031176647599581794e-176
6.921791554492528091e-310
2.029173637421266228e-218
0.000000000000000000e+00
0.000000000000000000e+00
0.000000000000000000e+00
0.000000000000000000e+00
0.000000000000000000e+00
0.000000000000000000e+00
6.921791554392924457e-310
1.765975972470367502e+241
0.000000000000000000e+00
0.000000000000000000e+00
6.921791661817815458e-310
1.676091379222864189e-117
6.921791595907877293e-310
8.616263841100642182e-221
6.921791538306937533e-310
-3.098249351925659149e-176
0.000000000000000000e+00
0.000000000000000000e+00
6.921791554411896578e-310
3.738104177010991274e-03
0.000000000000000000e+00
0.000000000000000000e+00
0.000000000000000000e+00
0.000000000000000000e+00
0.000000000000000000e+00
0.000000000000000000e+00
6.921791733942704196e-310
-5.805435935386150989e-145
6.921791554421382638e-310
-1.196969106643089403e+191
0.000000000000000000e+00
0.000000000000000000e+00
6.921791595502348211e-310
-1.947363385150930054e-106
6.921791554402410517e-310
9.985818390581539543e-278
0.000000000000000000e+00
0.000000000000000000e+00
6.921791554426125668e-310
-8.055531416107103918e+124
0.000000000000000000e+00
0.000000000000000000e+00
0.000000000000000000e+00
0.000000000000000000e+00
6.921791595918153858e-310
9.117117639857198999e-262
0.000000000000000000e+00
0.000000000000000000e+00
0.000000000000000000e+00
0.000000000000000000e+00
0.000000000000000000e+00
0.000000000000000000e+00
6.921791595407487607e-310
-4.500961814420426480e+97
0.000000000000000000e+00
0.000000000000000000e+00
0.000000000000000000e+00
0.000000000000000000e+00
6.921791733951399751e-310
-2.311468875489807496e-281
6.921791595601951845e-310
2.787285227383673327e+187
6.921791549999297481e-310
1.151835406667080005e-125
0.000000000000000000e+00
0.000000000000000000e+00
6.921791595990089816e-310
3.753367136875788121e-251
0.000000000000000000e+00
0.000000000000000000e+00
6.921791595549778513e-310
-6.827280482344316828e-233
6.921791733968790862e-310
-9.307728323232590366e+280
0.000000000000000000e+00
0.000000000000000000e+00
0.000000000000000000e+00
0.000000000000000000e+00
0.000000000000000000e+00
0.000000000000000000e+00
0.000000000000000000e+00
0.000000000000000000e+00
0.000000000000000000e+00
0.000000000000000000e+00
6.921791595573493664e-310
-5.270099867751099595e+90
6.921791593956120366e-310
3.254394024741733365e+50
0.000000000000000000e+00
0.000000000000000000e+00
6.921809128320595110e-310
-1.437853150287600300e+34
0.000000000000000000e+00
0.000000000000000000e+00
0.000000000000000000e+00
0.000000000000000000e+00
0.000000000000000000e+00
0.000000000000000000e+00
0.000000000000000000e+00
0.000000000000000000e+00
6.921791595582979724e-310
-7.930063788155295109e-216
0.000000000000000000e+00
0.000000000000000000e+00
0.000000000000000000e+00
0.000000000000000000e+00
0.000000000000000000e+00
0.000000000000000000e+00
0.000000000000000000e+00
0.000000000000000000e+00
6.921791538291127433e-310
-1.656764283103127581e-245
0.000000000000000000e+00
0.000000000000000000e+00
0.000000000000000000e+00
0.000000000000000000e+00
0.000000000000000000e+00
0.000000000000000000e+00
6.921791554364466276e-310
6.388463446641178144e-254
0.000000000000000000e+00
0.000000000000000000e+00
0.000000000000000000e+00
0.000000000000000000e+00
6.921791733986181973e-310
-6.825052332409095792e-245
0.000000000000000000e+00
0.000000000000000000e+00
6.921791538461086015e-310
-1.014279746599823600e+16
0.000000000000000000e+00
0.000000000000000000e+00
6.921791733994877528e-310
1.728253741436871049e+252
6.921791554378695366e-310
7.797458313375816935e+153
0.000000000000000000e+00
0.000000000000000000e+00
6.921791596257280518e-310
-1.293217615187633495e-10
6.921791556766020567e-310
-7.696580778517705000e+14
0.000000000000000000e+00
0.000000000000000000e+00
0.000000000000000000e+00
0.000000000000000000e+00
0.000000000000000000e+00
0.000000000000000000e+00
0.000000000000000000e+00
0.000000000000000000e+00
0.000000000000000000e+00
0.000000000000000000e+00
0.000000000000000000e+00
0.000000000000000000e+00
0.000000000000000000e+00
0.000000000000000000e+00
6.921791595897600728e-310
-1.150779167399443817e-254
0.000000000000000000e+00
0.000000000000000000e+00
6.921791733977486417e-310
5.035008348177973438e+13
0.000000000000000000e+00
0.000000000000000000e+00
0.000000000000000000e+00
0.000000000000000000e+00
0.000000000000000000e+00
0.000000000000000000e+00
0.000000000000000000e+00
0.000000000000000000e+00
0.000000000000000000e+00
0.000000000000000000e+00
6.921791595526063362e-310
-3.320357825088585339e+254
0.000000000000000000e+00
0.000000000000000000e+00
6.921791595497605181e-310
-1.114317296765061912e+64
0.000000000000000000e+00
0.000000000000000000e+00
0.000000000000000000e+00
0.000000000000000000e+00
0.000000000000000000e+00
0.000000000000000000e+00
0.000000000000000000e+00
0.000000000000000000e+00
0.000000000000000000e+00
0.000000000000000000e+00
0.000000000000000000e+00
0.000000000000000000e+00
0.000000000000000000e+00
0.000000000000000000e+00
6.921791554454583849e-310
3.836752305371860345e+230
0.000000000000000000e+00
0.000000000000000000e+00
0.000000000000000000e+00
0.000000000000000000e+00
0.000000000000000000e+00
0.000000000000000000e+00
6.921791595412230637e-310
1.481118751363967157e-265
6.921791593933986225e-310
6.627708744463829283e-11
0.000000000000000000e+00
0.000000000000000000e+00
6.921791595483376090e-310
2.249098598889717585e-86
0.000000000000000000e+00
0.000000000000000000e+00
