0.000000000000000000e+00
0.000000000000000000e+00
6.938775071043703957e-310
1.319155274396128273e-321
6.938815748291241806e-310
5.434722104253711986e-323
6.938775500091891815e-310
1.467374968148502236e-321
4.829748602234022418e-316
7.806237204291695398e-322
0.000000000000000000e+00
0.000000000000000000e+00
6.938775646794606409e-310
3.853712037561723045e-322
6.938775070955167393e-310
1.333977243771365669e-321
6.938774992201893951e-310
1.373502495438665393e-321
6.938775274735507414e-310
1.630416631276113596e-321
6.938794733458005034e-310
5.385315539669587332e-322
0.000000000000000000e+00
0.000000000000000000e+00
6.938775246510525198e-310
8.448522543885315905e-322
6.938775452146180533e-310
1.170935580643754310e-321
6.938800638797794830e-310
3.162020133383977883e-322
6.938775275873044157e-310
1.472315624606914702e-321
0.000000000000000000e+00
0.000000000000000000e+00
0.000000000000000000e+00
0.000000000000000000e+00
6.938817959182043109e-310
6.916919041777451618e-323
6.938775687808379054e-310
1.368561838980252927e-321
6.938794719296107362e-310
1.679823195860238250e-322
0.000000000000000000e+00
0.000000000000000000e+00
6.938775300344708474e-310
4.693623635491842170e-322
6.938775268489727146e-310
1.516781532732626891e-321
6.938775452003889627e-310
1.106707046684392259e-321
0.000000000000000000e+00
0.000000000000000000e+00
6.938775192078720117e-310
4.446590812571218898e-323
6.938775092861642877e-310
1.240104771061528826e-321
6.938774885490038489e-310
3.557272650056975118e-322
5.028560618120540027e-317
4.298371118818844934e-322
0.000000000000000000e+00
0.000000000000000000e+00
6.938775092675083689e-310
9.881312916824930884e-322
4.944024009854519378e-317
4.940656458412465442e-324
6.938817538652337489e-310
3.063207004215728574e-322
6.938817955343350667e-310
2.618547922958606684e-322
6.938775205641414974e-310
1.541484815024689218e-321
6.938794671138540731e-310
2.667954487542731339e-322
6.938775700098360807e-310
8.003863462628194016e-322
0.000000000000000000e+00
0.000000000000000000e+00
0.000000000000000000e+00
0.000000000000000000e+00
6.938817544333697164e-310
1.877449454196736868e-322
6.938774977221033064e-310
1.146232298351691982e-321
6.938817955346512687e-310
2.964393875047479265e-322
6.938775507073632270e-310
1.595832036067226338e-321
6.938775402347525452e-310
9.683686658488432266e-322
6.938775291983536737e-310
1.556306784399926614e-321
0.000000000000000000e+00
0.000000000000000000e+00
6.938775082547133202e-310
1.254926740436766222e-321
0.000000000000000000e+00
0.000000000000000000e+00
6.938775356933801791e-310
1.462434311690089771e-321
6.938775532270980208e-310
1.165994924185341844e-321
6.938774610068598811e-310
7.361578123034573508e-322
6.938775417326014824e-310
3.409052956304601155e-322
6.938775246342938131e-310
9.041401318894811758e-322
1.535601086061494981e-316
2.766767616710980647e-322
6.938774885752486161e-310
1.091885077309154863e-321
0.000000000000000000e+00
0.000000000000000000e+00
6.938775253388709494e-310
9.584873529320182957e-322
0.000000000000000000e+00
0.000000000000000000e+00
6.938775688232089752e-310
1.348799213146603066e-321
6.938774950665597479e-310
1.131410328976454586e-321
6.938775266880258898e-310
9.189621012647185722e-322
0.000000000000000000e+00
0.000000000000000000e+00
0.000000000000000000e+00
0.000000000000000000e+00
6.938775022256895319e-310
1.215401488769466499e-321
6.938775861981143556e-310
1.487137593982152098e-321
6.938818025173403292e-310
3.211426697968102537e-322
0.000000000000000000e+00
0.000000000000000000e+00
6.938775499696639299e-310
4.495997377155343552e-322
6.938775298762907903e-310
7.855643768875820052e-322
0.000000000000000000e+00
0.000000000000000000e+00
6.938775332375181921e-310
9.140214448063061067e-322
6.938775206450892129e-310
1.299392648562478411e-321
0.000000000000000000e+00
0.000000000000000000e+00
6.938775730277471465e-310
1.655119913568175923e-321
6.938775600425952668e-310
1.343858556688190600e-321
6.938817883721223130e-310
7.262764993866324199e-322
6.938775586456147718e-310
8.497929108469440560e-322
6.938775627193243602e-310
3.952525166729972353e-322
0.000000000000000000e+00
0.000000000000000000e+00
0.000000000000000000e+00
0.000000000000000000e+00
6.938775598126373526e-310
1.383383808355490324e-321
0.000000000000000000e+00
0.000000000000000000e+00
0.000000000000000000e+00
0.000000000000000000e+00
6.938775731618168002e-310
6.768699348025077655e-322
5.044498780602861967e-316
1.482196937523739633e-323
0.000000000000000000e+00
0.000000000000000000e+00
0.000000000000000000e+00
0.000000000000000000e+00
0.000000000000000000e+00
0.000000000000000000e+00
6.938775282826326430e-310
1.521722189191039356e-321
6.938775452019699728e-310
7.954456898044069361e-322
0.000000000000000000e+00
0.000000000000000000e+00
0.000000000000000000e+00
0.000000000000000000e+00
6.938775730274309445e-310
1.976262583364986177e-323
0.000000000000000000e+00
0.000000000000000000e+00
0.000000000000000000e+00
0.000000000000000000e+00
4.883566184904217721e-317
1.136350985434867052e-322
6.938818062725554396e-310
7.015732170945700927e-322
6.938817955571016116e-310
0.000000000000000000e+00
6.938775497862667621e-310
8.547335673053565214e-322
6.938774649353536949e-310
7.460391252202822817e-322
6.938775282772572088e-310
1.536544158566276752e-321
0.000000000000000000e+00
0.000000000000000000e+00
6.938774983085789906e-310
1.220342145227878964e-321
0.000000000000000000e+00
0.000000000000000000e+00
0.000000000000000000e+00
0.000000000000000000e+00
6.938794688569967221e-310
8.399115979301191251e-323
6.938774947519387446e-310
1.141291641893279517e-321
6.938794633931049821e-310
6.916919041777451618e-322
1.540273761313603154e-316
7.608610945955196780e-322
0.000000000000000000e+00
0.000000000000000000e+00
6.938775200053334894e-310
9.387247270983684339e-322
6.938794550440279714e-310
6.867512477193326964e-322
6.938774889701058802e-310
1.101766390225979794e-321
6.938794688573129241e-310
8.893181625142437795e-323
0.000000000000000000e+00
0.000000000000000000e+00
4.841147684814871658e-317
2.173888841701484794e-322
6.938775293360596505e-310
9.980126045993180192e-322
1.521662901313538406e-316
5.434722104253711986e-322
6.938774905989415014e-310
1.096825733767567328e-321
6.938775257885892628e-310
8.596742237637689869e-322
0.000000000000000000e+00
0.000000000000000000e+00
6.938775332416288182e-310
9.288434141815435031e-322
0.000000000000000000e+00
0.000000000000000000e+00
6.938775200616964983e-310
1.338917900229778135e-321
6.938775615499302644e-310
8.102676591796443324e-322
6.938775507253867417e-310
1.571128753775164010e-321
0.000000000000000000e+00
0.000000000000000000e+00
0.000000000000000000e+00
0.000000000000000000e+00
6.938775540251919024e-310
7.756830639707570744e-322
6.938775690960122622e-310
3.606679214641099772e-322
6.938774902492220747e-310
1.205520175852641568e-321
6.938775452667913855e-310
1.086944420850742397e-321
0.000000000000000000e+00
0.000000000000000000e+00
0.000000000000000000e+00
0.000000000000000000e+00
0.000000000000000000e+00
0.000000000000000000e+00
0.000000000000000000e+00
0.000000000000000000e+00
6.938774941104439100e-310
1.082003764392329932e-321
0.000000000000000000e+00
0.000000000000000000e+00
0.000000000000000000e+00
0.000000000000000000e+00
6.938775268821739260e-310
1.501959563357389494e-321
6.938775607945236545e-310
4.051338295898221662e-322
6.938775732045831225e-310
6.175820573015581802e-322
0.000000000000000000e+00
0.000000000000000000e+00
6.938775332217080914e-310
1.413027747105965116e-321
6.938774691043981902e-310
7.163951864698074891e-322
6.938793197124120807e-310
1.477256281065327167e-321
0.000000000000000000e+00
0.000000000000000000e+00
4.855440015817767238e-317
2.322108535453858758e-322
6.938775072710088567e-310
9.486060400151933648e-322
6.938775243327161429e-310
4.100744860482346317e-322
0.000000000000000000e+00
0.000000000000000000e+00
0.000000000000000000e+00
0.000000000000000000e+00
0.000000000000000000e+00
0.000000000000000000e+00
0.000000000000000000e+00
0.000000000000000000e+00
0.000000000000000000e+00
0.000000000000000000e+00
6.938817954177355743e-310
1.383383808355490324e-322
6.938775515497253905e-310
1.289511335645653480e-321
6.938775266602791631e-310
1.017775230432967881e-321
0.000000000000000000e+00
0.000000000000000000e+00
0.000000000000000000e+00
0.000000000000000000e+00
0.000000000000000000e+00
0.000000000000000000e+00
6.938775765795653119e-310
1.442671685856439909e-321
0.000000000000000000e+00
0.000000000000000000e+00
6.938775417370283106e-310
5.829974620926709221e-322
6.938775494251640629e-310
1.585950723150401407e-321
6.938817954181308268e-310
1.432790372939614978e-322
6.938774915693654804e-310
1.679823195860238250e-321
6.938775452522460929e-310
1.230223458144703895e-321
6.938775547171209581e-310
8.349709414717066597e-322
6.938775601528707189e-310
1.546425471483101683e-321
0.000000000000000000e+00
0.000000000000000000e+00
6.938775451978593466e-310
5.533535233421961295e-322
6.938775015578708797e-310
1.052359825641855139e-321
6.938775369817452825e-310
5.780568056342584567e-322
0.000000000000000000e+00
0.000000000000000000e+00
6.938775544058200760e-310
8.201489720964692633e-322
6.938815435336623145e-310
4.891249893828340787e-322
6.938800700180510670e-310
5.582941798006085949e-322
0.000000000000000000e+00
0.000000000000000000e+00
6.938775417376607146e-310
2.470328229206232721e-323
0.000000000000000000e+00
0.000000000000000000e+00
6.938793071607731612e-310
1.136350985434867052e-321
6.938775307147794791e-310
1.650179257109763458e-321
1.563377061418173189e-316
3.952525166729972353e-323
0.000000000000000000e+00
0.000000000000000000e+00
6.938775730362846009e-310
1.635357287734526061e-321
6.938774938611976730e-310
1.378443151897077858e-321
4.898095667417117099e-317
1.037537856266617743e-322
6.938774958039428430e-310
1.116588359601217190e-321
6.938775497998634487e-310
1.002953261057730485e-321
0.000000000000000000e+00
0.000000000000000000e+00
6.938775428408895392e-310
1.259867396895178688e-321
6.938775736784118395e-310
1.062241138558680070e-321
6.938794545327293158e-310
6.571073089688579038e-322
0.000000000000000000e+00
0.000000000000000000e+00
6.938775417382931186e-310
4.644217070907717515e-322
5.391912304172859655e-317
7.312171558450448854e-322
0.000000000000000000e+00
0.000000000000000000e+00
0.000000000000000000e+00
0.000000000000000000e+00
6.938793094746604443e-310
1.581010066691988941e-321
6.938775500025489393e-310
1.427849716481202513e-321
6.938800610540401908e-310
2.371515100037983412e-322
6.938775247032258520e-310
9.634280093904307611e-322
6.938775224325791943e-310
3.754898908393473736e-322
6.938774681131839289e-310
6.077007443847332493e-322
6.938794719774362907e-310
5.335908975085462677e-322
0.000000000000000000e+00
0.000000000000000000e+00
6.938775452623645573e-310
1.126469672518042121e-321
6.938775200487322157e-310
1.353739869605015531e-321
6.938815427618131999e-310
2.420921664622108066e-322
6.938775268733202696e-310
1.561247440858339080e-321
6.938775072697440486e-310
9.337840706399559685e-322
0.000000000000000000e+00
0.000000000000000000e+00
6.938775022228437138e-310
1.200579519394229102e-321
6.938775246567441561e-310
9.436653835567808994e-322
4.859756173299836368e-317
1.333977243771365669e-322
6.938775063205846551e-310
1.245045427519941291e-321
6.938775587988936978e-310
6.274633702183831111e-322
6.938774923032703533e-310
1.180816893560579241e-321
6.938775497733024796e-310
9.831906352240806229e-322
6.938775246687598326e-310
8.843775060558313141e-322
6.938794709459853232e-310
1.630416631276113596e-322
0.000000000000000000e+00
0.000000000000000000e+00
6.938775296675974615e-310
1.497018906898977029e-321
0.000000000000000000e+00
0.000000000000000000e+00
6.938794647738801238e-310
3.458459520888725809e-323
0.000000000000000000e+00
0.000000000000000000e+00
6.938775730258499344e-310
2.569141358374482030e-322
0.000000000000000000e+00
0.000000000000000000e+00
6.938775579696539178e-310
1.506900219815801960e-321
0.000000000000000000e+00
0.000000000000000000e+00
6.938794709463805757e-310
1.926856018780861522e-322
0.000000000000000000e+00
0.000000000000000000e+00
6.938817527411355915e-310
2.717361052126855993e-322
0.000000000000000000e+00
0.000000000000000000e+00
6.938775417196371999e-310
4.446590812571218898e-322
6.938817498276502406e-310
4.940656458412465442e-322
6.938775260563333176e-310
4.743030200075966824e-322
6.938775332062141927e-310
1.600772692525638803e-321
0.000000000000000000e+00
0.000000000000000000e+00
6.938775772916522459e-310
1.284570679187241015e-321
6.938794666970207690e-310
3.013800439631603919e-322
6.938775433847570021e-310
1.007893917516142950e-321
6.938775484993245678e-310
7.707424075123446089e-322
6.938775349496730438e-310
1.566188097316751545e-321
0.000000000000000000e+00
0.000000000000000000e+00
0.000000000000000000e+00
0.000000000000000000e+00
0.000000000000000000e+00
0.000000000000000000e+00
0.000000000000000000e+00
0.000000000000000000e+00
6.938800204201842648e-310
3.260833262552227192e-322
0.000000000000000000e+00
0.000000000000000000e+00
0.000000000000000000e+00
0.000000000000000000e+00
6.938775417253288361e-310
5.731161491758459912e-322
6.938775636369426029e-310
4.199557989650595626e-322
0.000000000000000000e+00
0.000000000000000000e+00
0.000000000000000000e+00
0.000000000000000000e+00
6.938774990490450554e-310
4.594810506323592861e-322
0.000000000000000000e+00
0.000000000000000000e+00
6.938775514754179174e-310
8.152083156380567979e-322
6.938775507260191458e-310
1.511840876274214425e-321
6.938774885663949597e-310
1.077063107933917466e-321
6.938775744842526705e-310
3.458459520888725809e-322
0.000000000000000000e+00
0.000000000000000000e+00
1.533660396204630565e-316
2.470328229206232721e-322
0.000000000000000000e+00
0.000000000000000000e+00
6.938775265533238321e-310
1.027656543349792812e-321
6.938774923165508379e-310
1.195638862935816637e-321
6.938775499978059091e-310
4.940656458412465442e-323
6.938775497628678131e-310
1.022715886891380346e-321
0.000000000000000000e+00
0.000000000000000000e+00
6.938774915633576421e-310
1.665001226485000854e-321
4.932830458582340097e-317
1.185757550018991706e-322
6.938775579552667262e-310
1.304333305020890877e-321
6.938818062693934195e-310
6.422853395936205074e-323
6.938775368744737495e-310
1.576069410233576476e-321
6.938775417819289965e-310
4.001931731314097008e-322
0.000000000000000000e+00
0.000000000000000000e+00
6.938775613308813196e-310
3.705492343809349081e-322
0.000000000000000000e+00
0.000000000000000000e+00
0.000000000000000000e+00
0.000000000000000000e+00
0.000000000000000000e+00
0.000000000000000000e+00
6.938815433920038125e-310
1.976262583364986177e-322
6.938774989245405126e-310
1.314214617937715808e-321
6.938774906030521276e-310
1.111647703142804724e-321
6.938775427643686519e-310
1.274689366270416084e-321
6.938793218428231456e-310
6.027600879263207839e-322
6.938775452082940130e-310
1.190698206477404171e-321
0.000000000000000000e+00
0.000000000000000000e+00
0.000000000000000000e+00
0.000000000000000000e+00
0.000000000000000000e+00
0.000000000000000000e+00
0.000000000000000000e+00
0.000000000000000000e+00
6.938775417420875428e-310
3.507866085472850464e-322
0.000000000000000000e+00
0.000000000000000000e+00
6.938775262399676369e-310
1.645238600651350992e-321
0.000000000000000000e+00
0.000000000000000000e+00
0.000000000000000000e+00
0.000000000000000000e+00
6.938775326876428909e-310
1.279630022728828549e-321
6.938775649136082317e-310
1.590891379608813872e-321
0.000000000000000000e+00
0.000000000000000000e+00
6.938775452440248405e-310
1.047419169183442674e-321
5.386596157823607843e-317
2.075075712533235486e-322
0.000000000000000000e+00
0.000000000000000000e+00
0.000000000000000000e+00
0.000000000000000000e+00
6.938775452424438305e-310
1.269748709812003619e-321
6.938775630486487571e-310
7.065138735529825582e-322
0.000000000000000000e+00
0.000000000000000000e+00
0.000000000000000000e+00
0.000000000000000000e+00
6.938775730290119546e-310
5.088876152164839405e-322
6.938775275575814265e-310
1.457493655231677305e-321
0.000000000000000000e+00
0.000000000000000000e+00
6.938775296555817850e-310
1.482196937523739633e-321
0.000000000000000000e+00
0.000000000000000000e+00
0.000000000000000000e+00
0.000000000000000000e+00
6.938775035153984938e-310
1.403146434189140185e-321
6.938775060650143778e-310
1.072122451475505001e-321
6.938775451428401963e-310
2.272701970869734103e-322
6.938775332903239283e-310
1.398205777730727720e-321
6.938775675047256301e-310
3.359646391720476500e-322
6.938775351495917667e-310
8.942588189726562450e-322
0.000000000000000000e+00
0.000000000000000000e+00
0.000000000000000000e+00
0.000000000000000000e+00
6.938800621718143080e-310
7.559204381371072126e-322
6.938775515399231281e-310
1.309273961479303342e-321
6.938775417433523509e-310
7.410984687618698163e-322
0.000000000000000000e+00
0.000000000000000000e+00
6.938774644788370381e-310
6.669886218856828346e-322
0.000000000000000000e+00
0.000000000000000000e+00
0.000000000000000000e+00
0.000000000000000000e+00
6.938775480026502554e-310
5.928787750094958530e-322
6.938817543031735374e-310
1.828042889612612213e-322
6.938775329118301183e-310
1.417968403564377582e-321
6.938775417436685529e-310
4.792436764660091479e-322
6.938775417730753401e-310
5.039469587580714751e-322
6.938774871665686466e-310
1.684763852318650716e-321
6.938774921641414674e-310
1.640297944192938527e-321
0.000000000000000000e+00
0.000000000000000000e+00
6.938775418511772374e-310
1.432790372939614978e-321
6.938815738507951514e-310
5.187689281333088714e-322
6.938775617873979764e-310
9.535466964736058303e-322
6.938775014927332650e-310
1.175876237102166775e-321
0.000000000000000000e+00
0.000000000000000000e+00
0.000000000000000000e+00
0.000000000000000000e+00
0.000000000000000000e+00
0.000000000000000000e+00
1.524787767710355123e-316
2.025669147949110831e-322
0.000000000000000000e+00
0.000000000000000000e+00
6.938817955466669452e-310
1.235164114603116360e-322
0.000000000000000000e+00
0.000000000000000000e+00
6.938775730305929646e-310
2.865580745879229956e-322
6.938775417664350978e-310
5.484128668837836640e-322
6.938775732532782325e-310
6.373446831352080420e-322
6.938794545615036991e-310
6.324040266767955765e-322
0.000000000000000000e+00
0.000000000000000000e+00
6.938794732936271712e-310
5.632348362590210604e-322
6.938817955469831472e-310
1.284570679187241015e-322
6.938774688591044784e-310
1.437731029398027444e-321
6.938775417648540878e-310
4.150151425066470971e-322
0.000000000000000000e+00
0.000000000000000000e+00
6.938775580337638760e-310
8.300302850132941942e-322
0.000000000000000000e+00
0.000000000000000000e+00
0.000000000000000000e+00
0.000000000000000000e+00
6.938775452598349412e-310
1.249986083978353757e-321
0.000000000000000000e+00
0.000000000000000000e+00
6.938774938216724214e-310
1.393265121272315255e-321
6.938775534014043806e-310
6.620479654272703692e-322
6.938794676777213133e-310
7.509797816786947471e-322
6.938774989046197858e-310
1.161054267726929379e-321
0.000000000000000000e+00
0.000000000000000000e+00
0.000000000000000000e+00
0.000000000000000000e+00
6.938775246450446816e-310
8.646148802221814523e-322
6.938775507304459740e-310
1.615594661900876199e-321
6.938775452528784969e-310
1.210460832311054033e-321
6.938775417857234206e-310
8.053270027212318670e-322
0.000000000000000000e+00
0.000000000000000000e+00
6.938775308356476987e-310
1.294451992104065946e-321
6.938775313349306778e-310
8.744961931390063832e-322
6.938775499864226366e-310
1.408087090647552651e-321
0.000000000000000000e+00
0.000000000000000000e+00
5.021540142919394250e-316
9.881312916824930884e-324
6.938774947516225426e-310
1.156113611268516913e-321
6.938775417658026938e-310
2.223295406285609449e-322
6.938775417227992200e-310
3.112613568799853228e-322
6.938775500427065949e-310
5.879381185510833876e-322
0.000000000000000000e+00
0.000000000000000000e+00
5.388604040608306669e-317
2.914987310463354611e-322
6.938775648974819291e-310
1.669941882943413319e-321
0.000000000000000000e+00
0.000000000000000000e+00
6.938775417319690784e-310
8.250896285548817288e-322
6.938774610612466274e-310
1.482196937523739633e-322
0.000000000000000000e+00
0.000000000000000000e+00
0.000000000000000000e+00
0.000000000000000000e+00
0.000000000000000000e+00
0.000000000000000000e+00
0.000000000000000000e+00
0.000000000000000000e+00
0.000000000000000000e+00
0.000000000000000000e+00
6.938817527272227029e-310
5.138282716748964059e-322
0.000000000000000000e+00
0.000000000000000000e+00
6.938775417259612401e-310
2.519734793790357375e-322
0.000000000000000000e+00
0.000000000000000000e+00
0.000000000000000000e+00
0.000000000000000000e+00
6.938775507715522357e-310
1.531603502107864287e-321
6.938775266900812029e-310
8.794368495974188486e-322
6.938817967463373838e-310
7.410984687618698163e-323
6.938794918578473743e-310
6.521666525104454383e-322
0.000000000000000000e+00
0.000000000000000000e+00
6.938794545339941239e-310
6.126414008431457148e-322
6.938775266983024552e-310
8.991994754310687104e-322
6.938775095988880789e-310
9.733093223072556920e-322
6.938774722800940607e-310
1.620535318359288665e-321
0.000000000000000000e+00
0.000000000000000000e+00
0.000000000000000000e+00
0.000000000000000000e+00
6.938817955491965613e-310
9.881312916824930884e-323
0.000000000000000000e+00
0.000000000000000000e+00
6.938775539901725295e-310
3.804305472977598390e-322
6.938775351426353224e-310
9.090807883478936413e-322
0.000000000000000000e+00
0.000000000000000000e+00
0.000000000000000000e+00
0.000000000000000000e+00
6.938775461799828000e-310
1.422909060022790047e-321
6.938775684357824583e-310
1.324095930854540738e-321
6.938815446925426934e-310
1.581010066691988941e-322
0.000000000000000000e+00
0.000000000000000000e+00
4.955676054046039337e-317
9.387247270983684339e-323
6.938775246485229037e-310
9.239027577231310376e-322
0.000000000000000000e+00
0.000000000000000000e+00
6.938775202128410606e-310
1.358680526063427996e-321
0.000000000000000000e+00
0.000000000000000000e+00
6.938775060422478329e-310
1.057300482100267605e-321
6.938775199724484800e-310
1.121529016059629655e-321
0.000000000000000000e+00
0.000000000000000000e+00
6.938775417676999059e-310
2.816174181295105302e-322
6.938775313314524556e-310
8.893181625142437795e-322
0.000000000000000000e+00
0.000000000000000000e+00
6.938775253153929499e-310
9.782499787656681575e-322
0.000000000000000000e+00
0.000000000000000000e+00
6.938775479797256094e-310
5.681754927174335258e-322
0.000000000000000000e+00
0.000000000000000000e+00
6.938775499674505158e-310
1.388324464813902789e-321
6.938794273033881897e-310
7.905050333459944707e-322
6.938775507200113075e-310
1.551366127941514149e-321
6.938775300509133521e-310
4.841843329244216133e-322
0.000000000000000000e+00
0.000000000000000000e+00
6.938775500158294238e-310
1.447612342314852374e-321
6.938774982503978202e-310
1.235164114603116360e-321
6.938800240704203067e-310
6.719292783440953001e-322
6.938775631729951988e-310
8.695555366805939178e-322
6.938775417480953811e-310
5.978194314679083185e-322
6.938775417771859663e-310
5.237095845917213368e-322
6.938775265634422965e-310
1.012834573974555416e-321
6.938774921205055896e-310
1.625475974817701130e-321
6.938794688658503785e-310
6.472259960520329729e-322
6.938775731275879322e-310
2.124482277117360140e-322
0.000000000000000000e+00
0.000000000000000000e+00
0.000000000000000000e+00
0.000000000000000000e+00
5.380778040778181323e-317
7.905050333459944707e-323
0.000000000000000000e+00
0.000000000000000000e+00
6.938775452674237895e-310
1.067181795017092535e-321
6.938775499902170607e-310
1.492078250440564563e-321
0.000000000000000000e+00
0.000000000000000000e+00
6.938775249178479686e-310
1.526662845649451822e-321
6.938794748812774802e-310
6.225227137599706457e-322
0.000000000000000000e+00
0.000000000000000000e+00
4.901194447147833398e-317
3.310239827136351846e-322
6.938774649309268667e-310
6.966325606361576273e-322
6.938774720528238636e-310
4.248964554234720280e-322
6.938775614911166899e-310
1.674882539401825785e-321
0.000000000000000000e+00
0.000000000000000000e+00
6.938817987637062289e-310
1.778636325028487559e-322
6.938818057710590465e-310
5.928787750094958530e-323
0.000000000000000000e+00
0.000000000000000000e+00
6.938775417692809159e-310
3.656085779225224427e-322
0.000000000000000000e+00
0.000000000000000000e+00
6.938774976933289232e-310
1.185757550018991706e-321
6.938775687539607342e-310
1.329036587312953204e-321
6.938775100176976456e-310
4.545403941739468206e-322
6.938775398221089178e-310
1.363621182521840462e-321
6.938775434005671028e-310
9.930719481409055538e-322
0.000000000000000000e+00
0.000000000000000000e+00
6.938817885903017022e-310
7.114545300113950236e-322
6.938775452446572446e-310
1.151172954810104448e-321
6.938794677991428865e-310
5.286502410501338023e-322
0.000000000000000000e+00
0.000000000000000000e+00
0.000000000000000000e+00
0.000000000000000000e+00
6.938817955495127633e-310
1.086944420850742397e-322
6.938794647232878017e-310
2.964393875047479265e-323
6.938794545618199011e-310
6.422853395936205074e-322
6.938775015591356878e-310
1.037537856266617743e-321
0.000000000000000000e+00
0.000000000000000000e+00
6.938775398272472005e-310
1.264808053353591153e-321
6.938774622264510466e-310
7.658017510539321435e-322
6.938792980117050568e-310
1.032597199808205277e-321
0.000000000000000000e+00
0.000000000000000000e+00
6.938794918815625253e-310
1.531603502107864287e-322
0.000000000000000000e+00
0.000000000000000000e+00
6.938775417297556643e-310
7.213358429282199545e-322
6.938775620650233441e-310
8.399115979301191251e-322
1.534965520014684801e-316
4.990063022996590096e-322
0.000000000000000000e+00
0.000000000000000000e+00
1.524645476804352844e-316
4.397184247987094243e-322
6.938817967570882522e-310
4.347777683402969589e-322
6.938794647643940634e-310
6.818105912609202310e-322
6.938774722791454546e-310
1.605713348984051269e-321
