6.898200873187857371e-310
-8.576555401021007766e-74
0.000000000000000000e+00
0.000000000000000000e+00
0.000000000000000000e+00
0.000000000000000000e+00
0.000000000000000000e+00
0.000000000000000000e+00
0.000000000000000000e+00
0.000000000000000000e+00
0.000000000000000000e+00
0.000000000000000000e+00
6.898200874068479978e-310
-1.373844221325424006e+116
6.898200816071497197e-310
-2.008093989071593420e-126
0.000000000000000000e+00
0.000000000000000000e+00
0.000000000000000000e+00
0.000000000000000000e+00
0.000000000000000000e+00
0.000000000000000000e+00
0.000000000000000000e+00
0.000000000000000000e+00
0.000000000000000000e+00
0.000000000000000000e+00
6.898200832154322100e-310
9.907011346518725584e+145
0.000000000000000000e+00
0.000000000000000000e+00
6.898200873306433126e-310
2.286218393108733116e+115
6.898201011775247292e-310
6.282944074751954119e+244
6.898200962831128152e-310
2.456993025376291587e+186
0.000000000000000000e+00
0.000000000000000000e+00
0.000000000000000000e+00
0.000000000000000000e+00
0.000000000000000000e+00
0.000000000000000000e+00
6.898200868204513641e-310
8.481730035708395284e-129
6.898200861901026505e-310
1.999140706596416410e+80
0.000000000000000000e+00
0.000000000000000000e+00
0.000000000000000000e+00
0.000000000000000000e+00
6.898200873363349488e-310
2.553160272104316212e+132
0.000000000000000000e+00
0.000000000000000000e+00
0.000000000000000000e+00
0.000000000000000000e+00
6.898200873254259794e-310
2.811879678799439366e+113
0.000000000000000000e+00
0.000000000000000000e+00
0.000000000000000000e+00
0.000000000000000000e+00
0.000000000000000000e+00
0.000000000000000000e+00
0.000000000000000000e+00
0.000000000000000000e+00
0.000000000000000000e+00
0.000000000000000000e+00
6.898200832234953614e-310
4.309081092186904121e-193
6.898200832277640885e-310
-7.838377884690172511e-91
0.000000000000000000e+00
0.000000000000000000e+00
0.000000000000000000e+00
0.000000000000000000e+00
0.000000000000000000e+00
0.000000000000000000e+00
0.000000000000000000e+00
0.000000000000000000e+00
0.000000000000000000e+00
0.000000000000000000e+00
0.000000000000000000e+00
0.000000000000000000e+00
0.000000000000000000e+00
0.000000000000000000e+00
0.000000000000000000e+00
0.000000000000000000e+00
0.000000000000000000e+00
0.000000000000000000e+00
0.000000000000000000e+00
0.000000000000000000e+00
0.000000000000000000e+00
0.000000000000000000e+00
0.000000000000000000e+00
0.000000000000000000e+00
0.000000000000000000e+00
0.000000000000000000e+00
0.000000000000000000e+00
0.000000000000000000e+00
6.898200873368092519e-310
9.104175011146055005e+201
6.898200832220724523e-310
-1.210972294213940890e+306
0.000000000000000000e+00
0.000000000000000000e+00
0.000000000000000000e+00
0.000000000000000000e+00
6.898201011723073960e-310
2.126605017299185020e-164
0.000000000000000000e+00
0.000000000000000000e+00
0.000000000000000000e+00
0.000000000000000000e+00
0.000000000000000000e+00
0.000000000000000000e+00
0.000000000000000000e+00
0.000000000000000000e+00
0.000000000000000000e+00
0.000000000000000000e+00
6.898200962802669971e-310
2.791667232701991805e-295
6.898200874037650282e-310
5.460287151869202924e-84
0.000000000000000000e+00
0.000000000000000000e+00
0.000000000000000000e+00
0.000000000000000000e+00
6.898200832173294221e-310
-2.547985865832514552e-215
0.000000000000000000e+00
0.000000000000000000e+00
0.000000000000000000e+00
0.000000000000000000e+00
6.898200816059639621e-310
-1.083609087358715557e+74
6.898200816039876995e-310
-4.111234036272968420e-53
0.000000000000000000e+00
0.000000000000000000e+00
0.000000000000000000e+00
0.000000000000000000e+00
0.000000000000000000e+00
0.000000000000000000e+00
6.898200873719076753e-310
-2.355361190863567747e-247
0.000000000000000000e+00
0.000000000000000000e+00
0.000000000000000000e+00
0.000000000000000000e+00
0.000000000000000000e+00
0.000000000000000000e+00
0.000000000000000000e+00
0.000000000000000000e+00
0.000000000000000000e+00
0.000000000000000000e+00
0.000000000000000000e+00
0.000000000000000000e+00
0.000000000000000000e+00
0.000000000000000000e+00
0.000000000000000000e+00
0.000000000000000000e+00
0.000000000000000000e+00
0.000000000000000000e+00
0.000000000000000000e+00
0.000000000000000000e+00
0.000000000000000000e+00
0.000000000000000000e+00
6.898200827866622799e-310
2.795454244969165683e+141
0.000000000000000000e+00
0.000000000000000000e+00
0.000000000000000000e+00
0.000000000000000000e+00
0.000000000000000000e+00
0.000000000000000000e+00
0.000000000000000000e+00
0.000000000000000000e+00
0.000000000000000000e+00
0.000000000000000000e+00
6.898200873667693926e-310
-6.353688405234262355e-79
0.000000000000000000e+00
0.000000000000000000e+00
6.898200832201752402e-310
-9.472877930223112391e-274
6.898200939562612496e-310
-1.239582122572998366e-291
6.898201011757856181e-310
-3.080600604523762535e+135
0.000000000000000000e+00
0.000000000000000000e+00
6.898200832263411795e-310
6.878030228416204261e-02
0.000000000000000000e+00
0.000000000000000000e+00
6.898200873325405247e-310
-6.496172938250227286e+21
0.000000000000000000e+00
0.000000000000000000e+00
0.000000000000000000e+00
0.000000000000000000e+00
6.898200832182780281e-310
2.662046701585265769e-264
0.000000000000000000e+00
0.000000000000000000e+00
0.000000000000000000e+00
0.000000000000000000e+00
0.000000000000000000e+00
0.000000000000000000e+00
6.898200832239696644e-310
-1.527445768200114206e+122
0.000000000000000000e+00
0.000000000000000000e+00
6.898201011618727295e-310
-3.161400880216473109e+177
0.000000000000000000e+00
0.000000000000000000e+00
0.000000000000000000e+00
0.000000000000000000e+00
0.000000000000000000e+00
0.000000000000000000e+00
0.000000000000000000e+00
0.000000000000000000e+00
0.000000000000000000e+00
0.000000000000000000e+00
6.898200832149579070e-310
-1.058938195135011850e+69
0.000000000000000000e+00
0.000000000000000000e+00
6.898201011766551737e-310
-6.186627897743072045e+273
0.000000000000000000e+00
0.000000000000000000e+00
0.000000000000000000e+00
0.000000000000000000e+00
0.000000000000000000e+00
0.000000000000000000e+00
6.898200873698523623e-310
-6.184081498103637760e+17
6.898200867127845785e-310
1.139329725141568173e-299
0.000000000000000000e+00
0.000000000000000000e+00
0.000000000000000000e+00
0.000000000000000000e+00
0.000000000000000000e+00
0.000000000000000000e+00
0.000000000000000000e+00
0.000000000000000000e+00
0.000000000000000000e+00
0.000000000000000000e+00
0.000000000000000000e+00
0.000000000000000000e+00
6.898200873268488884e-310
2.985743424695747170e-58
0.000000000000000000e+00
0.000000000000000000e+00
0.000000000000000000e+00
0.000000000000000000e+00
6.898200962821642092e-310
1.262926960914711260e-292
0.000000000000000000e+00
0.000000000000000000e+00
0.000000000000000000e+00
0.000000000000000000e+00
0.000000000000000000e+00
0.000000000000000000e+00
0.000000000000000000e+00
0.000000000000000000e+00
0.000000000000000000e+00
0.000000000000000000e+00
6.898200832272897855e-310
2.594156209169250950e+44
6.898200962992391179e-310
2.457026564062199166e+40
0.000000000000000000e+00
0.000000000000000000e+00
6.898200873677970492e-310
-4.014317821927882114e-75
6.898200832178037251e-310
-1.558650242220489670e-223
0.000000000000000000e+00
0.000000000000000000e+00
0.000000000000000000e+00
0.000000000000000000e+00
0.000000000000000000e+00
0.000000000000000000e+00
0.000000000000000000e+00
0.000000000000000000e+00
0.000000000000000000e+00
0.000000000000000000e+00
6.898200873282717975e-310
-1.018962401405619521e+230
6.898200834535323261e-310
7.545973889948377901e-13
6.898200946875574559e-310
2.712751373470102481e-216
0.000000000000000000e+00
0.000000000000000000e+00
0.000000000000000000e+00
0.000000000000000000e+00
0.000000000000000000e+00
0.000000000000000000e+00
6.898200939612414313e-310
8.821557299630367594e-284
6.898201011783942847e-310
-3.373186957581060719e-124
6.898200816067544672e-310
-6.767006998929209754e+19
6.898200827755952095e-310
-6.805693595730781330e+78
0.000000000000000000e+00
0.000000000000000000e+00
0.000000000000000000e+00
0.000000000000000000e+00
0.000000000000000000e+00
0.000000000000000000e+00
6.898200873221058582e-310
1.091317046019110094e-68
0.000000000000000000e+00
0.000000000000000000e+00
0.000000000000000000e+00
0.000000000000000000e+00
0.000000000000000000e+00
0.000000000000000000e+00
0.000000000000000000e+00
0.000000000000000000e+00
0.000000000000000000e+00
0.000000000000000000e+00
0.000000000000000000e+00
0.000000000000000000e+00
6.898200873192600401e-310
-5.531096148405415528e+182
6.898200873296947066e-310
1.074760905174153786e+209
0.000000000000000000e+00
0.000000000000000000e+00
0.000000000000000000e+00
0.000000000000000000e+00
6.898200962783697850e-310
9.595260952946365025e+101
6.898200874047926847e-310
-3.253638714030938628e-01
0.000000000000000000e+00
0.000000000000000000e+00
6.898200873729353319e-310
-4.312499966225203410e-05
6.898200873259002824e-310
-1.335755357811781129e-179
0.000000000000000000e+00
0.000000000000000000e+00
0.000000000000000000e+00
0.000000000000000000e+00
0.000000000000000000e+00
0.000000000000000000e+00
0.000000000000000000e+00
0.000000000000000000e+00
6.898200868090680916e-310
9.468798584957355869e-70
6.898200873739629884e-310
-3.715347276629460617e+142
6.898200832159065130e-310
6.497192816030053106e+185
0.000000000000000000e+00
0.000000000000000000e+00
0.000000000000000000e+00
0.000000000000000000e+00
0.000000000000000000e+00
0.000000000000000000e+00
6.898200873244773733e-310
-2.896583195022676681e+210
0.000000000000000000e+00
0.000000000000000000e+00
0.000000000000000000e+00
0.000000000000000000e+00
0.000000000000000000e+00
0.000000000000000000e+00
0.000000000000000000e+00
0.000000000000000000e+00
0.000000000000000000e+00
0.000000000000000000e+00
0.000000000000000000e+00
0.000000000000000000e+00
0.000000000000000000e+00
0.000000000000000000e+00
0.000000000000000000e+00
0.000000000000000000e+00
6.898200962944960877e-310
9.053238228518930037e+209
6.898200939598185222e-310
3.884631375943805816e-218
0.000000000000000000e+00
0.000000000000000000e+00
6.898200832187523312e-310
6.763761124560184079e+00
6.898218281112633042e-310
-1.211437858078427806e+208
6.898200827882432900e-310
-2.730762092411713468e+270
0.000000000000000000e+00
0.000000000000000000e+00
0.000000000000000000e+00
0.000000000000000000e+00
0.000000000000000000e+00
0.000000000000000000e+00
6.898200873320662217e-310
-8.917937985753258503e-206
6.898218353056496127e-310
-4.006383789480028686e+51
6.898200873749906450e-310
-5.325990893657589310e-133
6.898200873273231915e-310
3.595964349538535962e-32
0.000000000000000000e+00
0.000000000000000000e+00
0.000000000000000000e+00
0.000000000000000000e+00
6.898218321818899229e-310
6.559116302419484283e+29
0.000000000000000000e+00
0.000000000000000000e+00
0.000000000000000000e+00
0.000000000000000000e+00
0.000000000000000000e+00
0.000000000000000000e+00
0.000000000000000000e+00
0.000000000000000000e+00
0.000000000000000000e+00
0.000000000000000000e+00
0.000000000000000000e+00
0.000000000000000000e+00
6.898200806258958218e-310
2.635415500492464583e+249
0.000000000000000000e+00
0.000000000000000000e+00
0.000000000000000000e+00
0.000000000000000000e+00
0.000000000000000000e+00
0.000000000000000000e+00
0.000000000000000000e+00
0.000000000000000000e+00
6.898200873311176156e-310
-1.917032679578922176e-56
0.000000000000000000e+00
0.000000000000000000e+00
6.898200827874527850e-310
-1.322868604959610933e+159
0.000000000000000000e+00
0.000000000000000000e+00
0.000000000000000000e+00
0.000000000000000000e+00
0.000000000000000000e+00
0.000000000000000000e+00
0.000000000000000000e+00
0.000000000000000000e+00
6.898200873249516764e-310
-5.625453168621511010e+304
6.898200832130606949e-310
-1.056024394502571408e-64
6.898200873206829492e-310
-9.575318300249022733e-34
6.898200873770459581e-310
-9.773786047723720012e+173
6.898218497206669968e-310
-3.426771579563976800e-193
0.000000000000000000e+00
0.000000000000000000e+00
0.000000000000000000e+00
0.000000000000000000e+00
0.000000000000000000e+00
0.000000000000000000e+00
0.000000000000000000e+00
0.000000000000000000e+00
0.000000000000000000e+00
0.000000000000000000e+00
0.000000000000000000e+00
0.000000000000000000e+00
0.000000000000000000e+00
0.000000000000000000e+00
0.000000000000000000e+00
0.000000000000000000e+00
6.898200806253424683e-310
2.487550834620926313e-194
0.000000000000000000e+00
0.000000000000000000e+00
0.000000000000000000e+00
0.000000000000000000e+00
0.000000000000000000e+00
0.000000000000000000e+00
6.898200832249182704e-310
2.858606632447593522e-19
0.000000000000000000e+00
0.000000000000000000e+00
0.000000000000000000e+00
0.000000000000000000e+00
0.000000000000000000e+00
0.000000000000000000e+00
0.000000000000000000e+00
0.000000000000000000e+00
6.898200832282383916e-310
3.588167060284623563e-255
6.898200871736490130e-310
-2.742411903764404729e-97
6.898200816063592146e-310
-5.659189002648348350e+163
0.000000000000000000e+00
0.000000000000000000e+00
6.898200873225801613e-310
2.087447897993126242e+65
0.000000000000000000e+00
0.000000000000000000e+00
0.000000000000000000e+00
0.000000000000000000e+00
0.000000000000000000e+00
0.000000000000000000e+00
0.000000000000000000e+00
0.000000000000000000e+00
0.000000000000000000e+00
0.000000000000000000e+00
0.000000000000000000e+00
0.000000000000000000e+00
0.000000000000000000e+00
0.000000000000000000e+00
6.898200832244439674e-310
3.026935250668932295e+205
0.000000000000000000e+00
0.000000000000000000e+00
6.898218318902726161e-310
-3.993800327882658484e-197
6.898218339086691178e-310
-1.881040682139381074e+258
6.898200816043829521e-310
-4.472790020814445631e-187
6.898200873202086462e-310
-2.227202810187541011e+148
6.898200827763857145e-310
3.437713574078448342e+213
6.898200832163808161e-310
2.836381546318343800e-160
6.898200832135349979e-310
9.901533041411532162e-129
6.898200962812156032e-310
1.098737511929558203e+29
0.000000000000000000e+00
0.000000000000000000e+00
0.000000000000000000e+00
0.000000000000000000e+00
0.000000000000000000e+00
0.000000000000000000e+00
6.898200873315919186e-310
-7.999499382080003570e+305
6.898200816091259823e-310
2.858132117704037332e-33
6.898200827787572296e-310
-3.378209159516230052e+96
0.000000000000000000e+00
0.000000000000000000e+00
0.000000000000000000e+00
0.000000000000000000e+00
0.000000000000000000e+00
0.000000000000000000e+00
6.898200830528253247e-310
2.552775817720906219e-254
0.000000000000000000e+00
0.000000000000000000e+00
0.000000000000000000e+00
0.000000000000000000e+00
0.000000000000000000e+00
0.000000000000000000e+00
0.000000000000000000e+00
0.000000000000000000e+00
6.898218281060459710e-310
1.856352715404264743e-238
6.898200962793183911e-310
5.771413710149316987e-21
6.898200832197009372e-310
6.048488741312455118e-220
6.898200871714355989e-310
-1.091863173264169062e+138
6.898200874058203413e-310
-1.281689452148589800e+16
0.000000000000000000e+00
0.000000000000000000e+00
0.000000000000000000e+00
0.000000000000000000e+00
0.000000000000000000e+00
0.000000000000000000e+00
6.898200861923160646e-310
-2.920512801167942008e-240
6.898218563877864480e-310
8.575618379581625757e+121
0.000000000000000000e+00
0.000000000000000000e+00
0.000000000000000000e+00
0.000000000000000000e+00
0.000000000000000000e+00
0.000000000000000000e+00
0.000000000000000000e+00
0.000000000000000000e+00
0.000000000000000000e+00
0.000000000000000000e+00
0.000000000000000000e+00
0.000000000000000000e+00
6.898201011792638403e-310
3.545048398451226288e-28
0.000000000000000000e+00
0.000000000000000000e+00
0.000000000000000000e+00
0.000000000000000000e+00
0.000000000000000000e+00
0.000000000000000000e+00
6.898200873349120398e-310
-2.280740865658583344e-164
6.898200873292204035e-310
9.717184557474645203e-37
0.000000000000000000e+00
0.000000000000000000e+00
6.898200873216315552e-310
-2.291815807896699870e+293
6.898200873235287673e-310
-1.185307416249455179e-48
6.898200806270025288e-310
-7.379081870089910240e-236
0.000000000000000000e+00
0.000000000000000000e+00
0.000000000000000000e+00
0.000000000000000000e+00
0.000000000000000000e+00
0.000000000000000000e+00
0.000000000000000000e+00
0.000000000000000000e+00
6.898200832111634828e-310
4.865178391469761161e+231
0.000000000000000000e+00
0.000000000000000000e+00
0.000000000000000000e+00
0.000000000000000000e+00
6.898200832192266342e-310
-1.950924892895580989e+119
0.000000000000000000e+00
0.000000000000000000e+00
0.000000000000000000e+00
0.000000000000000000e+00
0.000000000000000000e+00
0.000000000000000000e+00
6.898200871747557200e-310
4.134607294831522761e-78
0.000000000000000000e+00
0.000000000000000000e+00
6.898200832225467553e-310
-1.333589289216253676e+302
6.898218344458172879e-310
-1.605796758798413109e+253
0.000000000000000000e+00
0.000000000000000000e+00
0.000000000000000000e+00
0.000000000000000000e+00
0.000000000000000000e+00
0.000000000000000000e+00
0.000000000000000000e+00
0.000000000000000000e+00
0.000000000000000000e+00
0.000000000000000000e+00
0.000000000000000000e+00
0.000000000000000000e+00
0.000000000000000000e+00
0.000000000000000000e+00
0.000000000000000000e+00
0.000000000000000000e+00
0.000000000000000000e+00
0.000000000000000000e+00
0.000000000000000000e+00
0.000000000000000000e+00
0.000000000000000000e+00
0.000000000000000000e+00
0.000000000000000000e+00
0.000000000000000000e+00
0.000000000000000000e+00
0.000000000000000000e+00
0.000000000000000000e+00
0.000000000000000000e+00
6.898200832215981493e-310
-6.006286520891086745e+222
0.000000000000000000e+00
0.000000000000000000e+00
6.898200867115988210e-310
9.180014150253316936e+278
6.898200873372835549e-310
6.583124387392927325e+140
6.898200832168551191e-310
-8.774289843892530366e-151
6.898200827771762195e-310
9.158680469593042388e-246
6.898200873708800188e-310
-7.021295814966108315e+142
0.000000000000000000e+00
0.000000000000000000e+00
0.000000000000000000e+00
0.000000000000000000e+00
0.000000000000000000e+00
0.000000000000000000e+00
0.000000000000000000e+00
0.000000000000000000e+00
6.898201011749160626e-310
2.120339024675381659e+240
0.000000000000000000e+00
0.000000000000000000e+00
0.000000000000000000e+00
0.000000000000000000e+00
0.000000000000000000e+00
0.000000000000000000e+00
0.000000000000000000e+00
0.000000000000000000e+00
6.898200832116377859e-310
-3.255872751522321773e+96
0.000000000000000000e+00
0.000000000000000000e+00
0.000000000000000000e+00
0.000000000000000000e+00
0.000000000000000000e+00
0.000000000000000000e+00
6.898200873263745854e-310
5.348302497744537708e+293
0.000000000000000000e+00
0.000000000000000000e+00
6.898200832206495432e-310
-3.683660565470878105e+214
0.000000000000000000e+00
0.000000000000000000e+00
0.000000000000000000e+00
0.000000000000000000e+00
0.000000000000000000e+00
0.000000000000000000e+00
0.000000000000000000e+00
0.000000000000000000e+00
0.000000000000000000e+00
0.000000000000000000e+00
6.898200873377578579e-310
3.440459973597698584e+252
0.000000000000000000e+00
0.000000000000000000e+00
0.000000000000000000e+00
0.000000000000000000e+00
0.000000000000000000e+00
0.000000000000000000e+00
6.898200873330148277e-310
-3.132521170290511730e+85
0.000000000000000000e+00
0.000000000000000000e+00
0.000000000000000000e+00
0.000000000000000000e+00
6.898200834546390331e-310
7.805125540029063506e-30
0.000000000000000000e+00
0.000000000000000000e+00
6.898200873183114341e-310
-1.282372257450076455e+213
6.898200868109653037e-310
1.180616587973544064e-200
6.898200868198189601e-310
2.329852152371513818e+145
0.000000000000000000e+00
0.000000000000000000e+00
6.898200873339634337e-310
-1.043487449032756527e+217
0.000000000000000000e+00
0.000000000000000000e+00
0.000000000000000000e+00
0.000000000000000000e+00
6.898200816249360829e-310
-1.551453891961653807e-32
6.898200806247891147e-310
5.134327556825353940e+121
6.898200816079402247e-310
-1.384833979119326563e-54
0.000000000000000000e+00
0.000000000000000000e+00
0.000000000000000000e+00
0.000000000000000000e+00
6.898200873760183015e-310
-1.284061781117813923e-207
0.000000000000000000e+00
0.000000000000000000e+00
6.898200832106891798e-310
-2.775962022138750733e+33
6.898200868103328997e-310
1.025580427197197624e-134
0.000000000000000000e+00
0.000000000000000000e+00
0.000000000000000000e+00
0.000000000000000000e+00
0.000000000000000000e+00
0.000000000000000000e+00
0.000000000000000000e+00
0.000000000000000000e+00
0.000000000000000000e+00
0.000000000000000000e+00
0.000000000000000000e+00
0.000000000000000000e+00
0.000000000000000000e+00
0.000000000000000000e+00
0.000000000000000000e+00
0.000000000000000000e+00
0.000000000000000000e+00
0.000000000000000000e+00
0.000000000000000000e+00
0.000000000000000000e+00
0.000000000000000000e+00
0.000000000000000000e+00
6.898200873301690096e-310
-1.794191237140512327e+06
6.898200827779667246e-310
-1.401568344253849208e-06
6.898200871725423059e-310
1.874400617289609067e+145
0.000000000000000000e+00
0.000000000000000000e+00
6.898200962954446938e-310
3.597380535224755890e+244
6.898200873358606458e-310
-1.213852477270003070e+82
0.000000000000000000e+00
0.000000000000000000e+00
0.000000000000000000e+00
0.000000000000000000e+00
0.000000000000000000e+00
0.000000000000000000e+00
6.898200832268154825e-310
-4.953658358052520799e-95
6.898201011714378405e-310
-9.407917938393183608e-225
0.000000000000000000e+00
0.000000000000000000e+00
6.898200832121120889e-310
-2.812094563016922693e+253
0.000000000000000000e+00
0.000000000000000000e+00
0.000000000000000000e+00
0.000000000000000000e+00
0.000000000000000000e+00
0.000000000000000000e+00
0.000000000000000000e+00
0.000000000000000000e+00
0.000000000000000000e+00
0.000000000000000000e+00
0.000000000000000000e+00
0.000000000000000000e+00
0.000000000000000000e+00
0.000000000000000000e+00
0.000000000000000000e+00
0.000000000000000000e+00
0.000000000000000000e+00
0.000000000000000000e+00
0.000000000000000000e+00
0.000000000000000000e+00
6.898200832258668765e-310
-6.154308210408567930e-245
0.000000000000000000e+00
0.000000000000000000e+00
0.000000000000000000e+00
0.000000000000000000e+00
0.000000000000000000e+00
0.000000000000000000e+00
6.898200873344377368e-310
-8.581710911300928909e-124
0.000000000000000000e+00
0.000000000000000000e+00
6.898200962935474817e-310
7.722712230803929525e+174
0.000000000000000000e+00
0.000000000000000000e+00
0.000000000000000000e+00
0.000000000000000000e+00
0.000000000000000000e+00
0.000000000000000000e+00
6.898201011740465071e-310
-5.537022971568328384e+280
6.898200832144836040e-310
-4.104333088798287631e+29
0.000000000000000000e+00
0.000000000000000000e+00
0.000000000000000000e+00
0.000000000000000000e+00
0.000000000000000000e+00
0.000000000000000000e+00
6.898200832211238463e-310
-1.365849043056052993e+134
0.000000000000000000e+00
0.000000000000000000e+00
0.000000000000000000e+00
0.000000000000000000e+00
6.898200832230210583e-310
2.931600227922569204e-30
6.898200816087307297e-310
-6.195619921995203000e+15
6.898200868166569399e-310
-2.934696542292455615e+273
6.898200962982905119e-310
2.097457776474513554e-75
0.000000000000000000e+00
0.000000000000000000e+00
0.000000000000000000e+00
0.000000000000000000e+00
0.000000000000000000e+00
0.000000000000000000e+00
0.000000000000000000e+00
0.000000000000000000e+00
0.000000000000000000e+00
0.000000000000000000e+00
0.000000000000000000e+00
0.000000000000000000e+00
0.000000000000000000e+00
0.000000000000000000e+00
0.000000000000000000e+00
0.000000000000000000e+00
6.898200873230544643e-310
1.867388249187290743e+303
0.000000000000000000e+00
0.000000000000000000e+00
0.000000000000000000e+00
0.000000000000000000e+00
6.898200873334891307e-310
2.442921859035142000e+54
6.898200873382321609e-310
-3.295187678555040286e+87
0.000000000000000000e+00
0.000000000000000000e+00
0.000000000000000000e+00
0.000000000000000000e+00
0.000000000000000000e+00
0.000000000000000000e+00
6.898200832253925734e-310
-1.234938416224480712e+191
0.000000000000000000e+00
0.000000000000000000e+00
0.000000000000000000e+00
0.000000000000000000e+00
6.898200873211572522e-310
8.436670634218420673e+03
0.000000000000000000e+00
0.000000000000000000e+00
0.000000000000000000e+00
0.000000000000000000e+00
6.898200873197343431e-310
-1.237734120223481382e+58
0.000000000000000000e+00
0.000000000000000000e+00
0.000000000000000000e+00
0.000000000000000000e+00
6.898200816075449722e-310
-6.725204625052560039e-245
0.000000000000000000e+00
0.000000000000000000e+00
0.000000000000000000e+00
0.000000000000000000e+00
6.898200873277974945e-310
-1.646588476700343201e-257
0.000000000000000000e+00
0.000000000000000000e+00
6.898200832287126946e-310
4.311841852026558729e+139
0.000000000000000000e+00
0.000000000000000000e+00
0.000000000000000000e+00
0.000000000000000000e+00
0.000000000000000000e+00
0.000000000000000000e+00
0.000000000000000000e+00
0.000000000000000000e+00
6.898200873688247057e-310
-6.519646630213470063e+275
0.000000000000000000e+00
0.000000000000000000e+00
6.898201011731769515e-310
8.928038625781572546e-273
0.000000000000000000e+00
0.000000000000000000e+00
6.898200873353863428e-310
1.229600605556719587e+58
6.898200827795477346e-310
5.181220159464429732e-235
0.000000000000000000e+00
0.000000000000000000e+00
6.898200832125863919e-310
2.846226720784869928e-188
0.000000000000000000e+00
0.000000000000000000e+00
0.000000000000000000e+00
0.000000000000000000e+00
0.000000000000000000e+00
0.000000000000000000e+00
0.000000000000000000e+00
0.000000000000000000e+00
0.000000000000000000e+00
0.000000000000000000e+00
0.000000000000000000e+00
0.000000000000000000e+00
0.000000000000000000e+00
0.000000000000000000e+00
